solved:	true
solution_length:	73
upper_bound:	73
solution_runtime:	4.07158
heuristic_solution_length:	73
heuristic_solution_runtime:	0.0796117
heuristic_runtime:	0.973755
solving_forward:	true
reduction_is_complete:	true
reduction_quality:	1
reduction_upper_bound:	73
reduction_runtime:	3.09783
mdd_memory_consumption:	121436
main_process_memory_consumption:	0
match_ilp_solution_length:	73
match_ilp_upper_bound:	73
match_ilp_runtime:	1.81e-07
mdd_ilp_solution_length:	73
mdd_ilp_upper_bound:	73
mdd_ilp_runtime:	5.7e-08
solution:	[28, 12, 113, 80, 115, 39, 34, 72, 44, 126, 0, 90, 67, 21, 121, 92, 40, 88, 58, 69, 91, 96, 125, 18, 10, 54, 23, 108, 64, 89, 75, 60, 35, 83, 15, 26, 52, 100, 81, 49, 117, 127, 79, 95, 56, 36, 68, 61, 20, 7, 42, 66, 1, 111, 104, 71, 107, 112, 48, 16, 94, 77, 63, 103, 46, 84, 41, 38, 25, 4, 110, 124, 45, ]
