solved:	true
solution_length:	54
upper_bound:	54
solution_runtime:	0.2606
heuristic_solution_length:	54
heuristic_solution_runtime:	0.0114597
heuristic_runtime:	0.131229
solving_forward:	false
reduction_is_complete:	true
reduction_quality:	1
reduction_upper_bound:	54
reduction_runtime:	0.12937
mdd_memory_consumption:	54848
main_process_memory_consumption:	0
match_ilp_solution_length:	54
match_ilp_upper_bound:	54
match_ilp_runtime:	1.79e-07
mdd_ilp_solution_length:	54
mdd_ilp_upper_bound:	54
mdd_ilp_runtime:	9.9e-08
solution:	[35, 39, 79, 78, 120, 40, 8, 73, 111, 6, 106, 51, 85, 58, 59, 47, 115, 50, 84, 2, 14, 83, 110, 121, 23, 45, 10, 17, 43, 107, 104, 81, 90, 63, 118, 88, 99, 69, 92, 42, 12, 108, 82, 65, 62, 109, 103, 21, 94, 125, 126, 76, 18, 57, ]
