solved:	true
solution_length:	69
upper_bound:	69
solution_runtime:	1.45386
heuristic_solution_length:	69
heuristic_solution_runtime:	0.0878117
heuristic_runtime:	0.552867
solving_forward:	false
reduction_is_complete:	true
reduction_quality:	1
reduction_upper_bound:	69
reduction_runtime:	0.900995
mdd_memory_consumption:	70812
main_process_memory_consumption:	0
match_ilp_solution_length:	69
match_ilp_upper_bound:	69
match_ilp_runtime:	2.79e-07
mdd_ilp_solution_length:	69
mdd_ilp_upper_bound:	69
mdd_ilp_runtime:	5.8e-08
solution:	[81, 58, 15, 27, 60, 20, 99, 126, 117, 91, 74, 73, 79, 33, 86, 70, 114, 127, 44, 120, 108, 109, 87, 28, 90, 52, 32, 53, 13, 14, 59, 55, 107, 24, 4, 75, 67, 62, 68, 57, 111, 25, 9, 43, 106, 112, 21, 31, 26, 113, 40, 121, 41, 101, 19, 125, 95, 72, 47, 0, 38, 2, 34, 11, 36, 6, 71, 39, 65, ]
