solved:	true
solution_length:	75
upper_bound:	75
solution_runtime:	1.56609
heuristic_solution_length:	75
heuristic_solution_runtime:	0.0508542
heuristic_runtime:	0.747958
solving_forward:	false
reduction_is_complete:	true
reduction_quality:	1
reduction_upper_bound:	75
reduction_runtime:	0.818128
mdd_memory_consumption:	74892
main_process_memory_consumption:	0
match_ilp_solution_length:	75
match_ilp_upper_bound:	75
match_ilp_runtime:	1.03e-07
mdd_ilp_solution_length:	75
mdd_ilp_upper_bound:	75
mdd_ilp_runtime:	6e-08
solution:	[64, 11, 26, 42, 80, 50, 61, 51, 16, 17, 14, 18, 74, 119, 20, 122, 106, 81, 53, 98, 67, 29, 71, 125, 44, 69, 112, 100, 117, 12, 47, 9, 38, 1, 55, 32, 72, 31, 57, 7, 79, 114, 92, 3, 48, 33, 34, 127, 120, 121, 84, 93, 88, 105, 109, 5, 58, 99, 108, 45, 10, 126, 102, 103, 13, 39, 73, 95, 35, 101, 15, 76, 52, 2, 36, ]
