solved:	true
solution_length:	79
upper_bound:	79
solution_runtime:	1.67749
heuristic_solution_length:	79
heuristic_solution_runtime:	0.0352991
heuristic_runtime:	0.74532
solving_forward:	true
reduction_is_complete:	true
reduction_quality:	1
reduction_upper_bound:	79
reduction_runtime:	0.932171
mdd_memory_consumption:	74364
main_process_memory_consumption:	0
match_ilp_solution_length:	79
match_ilp_upper_bound:	79
match_ilp_runtime:	2.57e-07
mdd_ilp_solution_length:	79
mdd_ilp_upper_bound:	79
mdd_ilp_runtime:	5.9e-08
solution:	[53, 95, 84, 7, 126, 75, 71, 64, 99, 82, 70, 68, 98, 92, 79, 9, 59, 125, 15, 27, 24, 66, 22, 1, 127, 105, 123, 31, 14, 29, 100, 58, 73, 54, 52, 8, 63, 106, 104, 11, 21, 83, 45, 0, 37, 90, 108, 19, 114, 97, 107, 81, 46, 101, 93, 18, 6, 115, 112, 57, 96, 56, 13, 121, 72, 43, 77, 5, 26, 17, 122, 65, 78, 36, 34, 124, 89, 87, 33, ]
