solved:	true
solution_length:	56
upper_bound:	56
solution_runtime:	0.133358
heuristic_solution_length:	56
heuristic_solution_runtime:	0.0132014
heuristic_runtime:	0.110628
solving_forward:	false
reduction_is_complete:	true
reduction_quality:	1
reduction_upper_bound:	56
reduction_runtime:	0.0227302
mdd_memory_consumption:	0
main_process_memory_consumption:	0
match_ilp_solution_length:	56
match_ilp_upper_bound:	56
match_ilp_runtime:	1.23e-07
mdd_ilp_solution_length:	56
mdd_ilp_upper_bound:	56
mdd_ilp_runtime:	5.6e-08
solution:	[46, 65, 118, 20, 40, 116, 104, 106, 93, 29, 57, 80, 113, 13, 5, 45, 74, 53, 110, 22, 100, 75, 78, 42, 117, 112, 109, 3, 59, 28, 111, 101, 77, 94, 9, 95, 33, 122, 63, 50, 69, 64, 14, 120, 51, 114, 124, 19, 102, 72, 0, 98, 6, 107, 87, 37, ]
