solved:	true
solution_length:	51
upper_bound:	51
solution_runtime:	0.103249
heuristic_solution_length:	51
heuristic_solution_runtime:	0.00984364
heuristic_runtime:	0.0649758
solving_forward:	true
reduction_is_complete:	true
reduction_quality:	1
reduction_upper_bound:	51
reduction_runtime:	0.038273
mdd_memory_consumption:	54552
main_process_memory_consumption:	0
match_ilp_solution_length:	51
match_ilp_upper_bound:	51
match_ilp_runtime:	1.01e-07
mdd_ilp_solution_length:	51
mdd_ilp_upper_bound:	51
mdd_ilp_runtime:	5.6e-08
solution:	[111, 81, 105, 101, 50, 44, 73, 56, 7, 32, 116, 88, 102, 89, 69, 60, 43, 126, 70, 51, 19, 36, 53, 13, 54, 118, 23, 29, 76, 92, 90, 46, 83, 66, 113, 27, 16, 5, 42, 95, 62, 61, 0, 20, 63, 25, 96, 48, 41, 26, 80, ]
