solved:	true
solution_length:	57
upper_bound:	57
solution_runtime:	0.990402
heuristic_solution_length:	57
heuristic_solution_runtime:	0.0122979
heuristic_runtime:	0.0870895
solving_forward:	true
reduction_is_complete:	true
reduction_quality:	1
reduction_upper_bound:	57
reduction_runtime:	0.903312
mdd_memory_consumption:	54300
main_process_memory_consumption:	0
match_ilp_solution_length:	57
match_ilp_upper_bound:	57
match_ilp_runtime:	1.93e-07
mdd_ilp_solution_length:	57
mdd_ilp_upper_bound:	57
mdd_ilp_runtime:	5.6e-08
solution:	[58, 89, 34, 15, 85, 106, 19, 38, 86, 29, 4, 102, 25, 5, 126, 24, 84, 16, 99, 50, 115, 75, 123, 56, 10, 59, 116, 119, 22, 100, 23, 112, 44, 90, 48, 108, 109, 14, 0, 81, 63, 66, 28, 92, 79, 83, 20, 122, 76, 87, 88, 97, 53, 110, 46, 64, 78, ]
