solved:	true
solution_length:	58
upper_bound:	58
solution_runtime:	0.269612
heuristic_solution_length:	58
heuristic_solution_runtime:	0.0163958
heuristic_runtime:	0.213516
solving_forward:	false
reduction_is_complete:	true
reduction_quality:	1
reduction_upper_bound:	58
reduction_runtime:	0.0560966
mdd_memory_consumption:	0
main_process_memory_consumption:	0
match_ilp_solution_length:	58
match_ilp_upper_bound:	58
match_ilp_runtime:	1.4e-07
mdd_ilp_solution_length:	58
mdd_ilp_upper_bound:	58
mdd_ilp_runtime:	4.8e-08
solution:	[88, 8, 123, 79, 39, 112, 107, 38, 18, 34, 20, 119, 114, 117, 28, 102, 77, 25, 71, 4, 21, 89, 63, 84, 55, 15, 104, 7, 43, 1, 47, 68, 108, 80, 69, 67, 121, 36, 98, 106, 82, 65, 16, 105, 59, 78, 51, 2, 26, 35, 45, 44, 73, 19, 37, 99, 6, 33, ]
