solved:	true
solution_length:	63
upper_bound:	63
solution_runtime:	0.444998
heuristic_solution_length:	63
heuristic_solution_runtime:	0.0565194
heuristic_runtime:	0.2532
solving_forward:	true
reduction_is_complete:	true
reduction_quality:	1
reduction_upper_bound:	63
reduction_runtime:	0.191799
mdd_memory_consumption:	59580
main_process_memory_consumption:	0
match_ilp_solution_length:	63
match_ilp_upper_bound:	63
match_ilp_runtime:	9.5e-08
mdd_ilp_solution_length:	63
mdd_ilp_upper_bound:	63
mdd_ilp_runtime:	6e-08
solution:	[67, 116, 117, 91, 45, 113, 68, 46, 44, 43, 105, 110, 77, 109, 38, 78, 124, 98, 22, 59, 8, 104, 4, 52, 94, 42, 33, 120, 90, 86, 14, 111, 17, 103, 64, 88, 49, 20, 25, 23, 93, 29, 81, 56, 24, 79, 60, 37, 115, 123, 119, 15, 36, 71, 28, 72, 97, 6, 92, 112, 70, 32, 13, ]
