solved:	true
solution_length:	65
upper_bound:	65
solution_runtime:	0.117687
heuristic_solution_length:	65
heuristic_solution_runtime:	0.0178133
heuristic_runtime:	0.100927
solving_forward:	false
reduction_is_complete:	true
reduction_quality:	1
reduction_upper_bound:	65
reduction_runtime:	0.0167601
mdd_memory_consumption:	0
main_process_memory_consumption:	0
match_ilp_solution_length:	65
match_ilp_upper_bound:	65
match_ilp_runtime:	9.8e-08
mdd_ilp_solution_length:	65
mdd_ilp_upper_bound:	65
mdd_ilp_runtime:	5.5e-08
solution:	[56, 70, 82, 98, 39, 62, 51, 7, 76, 10, 18, 81, 86, 41, 124, 91, 11, 116, 111, 55, 6, 69, 102, 68, 72, 19, 126, 84, 37, 106, 97, 75, 30, 110, 28, 16, 112, 125, 109, 67, 54, 31, 114, 108, 58, 9, 79, 118, 1, 34, 123, 89, 15, 33, 38, 99, 103, 46, 23, 12, 13, 43, 24, 57, 50, ]
