solved:	true
solution_length:	55
upper_bound:	55
solution_runtime:	0.293334
heuristic_solution_length:	55
heuristic_solution_runtime:	0.0304699
heuristic_runtime:	0.233835
solving_forward:	false
reduction_is_complete:	true
reduction_quality:	1
reduction_upper_bound:	55
reduction_runtime:	0.0594987
mdd_memory_consumption:	55000
main_process_memory_consumption:	0
match_ilp_solution_length:	55
match_ilp_upper_bound:	55
match_ilp_runtime:	2.29e-07
mdd_ilp_solution_length:	55
mdd_ilp_upper_bound:	55
mdd_ilp_runtime:	9.9e-08
solution:	[52, 89, 71, 50, 116, 10, 26, 114, 107, 4, 66, 123, 70, 77, 109, 23, 31, 32, 118, 42, 24, 15, 53, 105, 65, 19, 59, 40, 55, 88, 64, 22, 104, 9, 97, 115, 13, 47, 46, 78, 76, 69, 11, 20, 125, 80, 74, 99, 54, 85, 111, 91, 90, 30, 34, ]
