solved:	true
solution_length:	58
upper_bound:	58
solution_runtime:	0.078841
heuristic_solution_length:	58
heuristic_solution_runtime:	0.0131509
heuristic_runtime:	0.0719197
solving_forward:	true
reduction_is_complete:	true
reduction_quality:	1
reduction_upper_bound:	58
reduction_runtime:	0.00692113
mdd_memory_consumption:	0
main_process_memory_consumption:	0
match_ilp_solution_length:	58
match_ilp_upper_bound:	58
match_ilp_runtime:	1.38e-07
mdd_ilp_solution_length:	58
mdd_ilp_upper_bound:	58
mdd_ilp_runtime:	6.4e-08
solution:	[123, 10, 119, 26, 69, 58, 22, 34, 88, 59, 110, 106, 103, 118, 32, 15, 1, 108, 120, 93, 61, 77, 73, 79, 5, 127, 60, 11, 65, 92, 74, 62, 12, 126, 122, 33, 98, 121, 49, 95, 71, 90, 38, 36, 67, 39, 55, 113, 21, 28, 4, 42, 111, 35, 104, 81, 54, 102, ]
