solved:	true
solution_length:	79
upper_bound:	79
solution_runtime:	1.87831
heuristic_solution_length:	79
heuristic_solution_runtime:	0.0396724
heuristic_runtime:	0.744608
solving_forward:	true
reduction_is_complete:	true
reduction_quality:	1
reduction_upper_bound:	79
reduction_runtime:	1.1337
mdd_memory_consumption:	81560
main_process_memory_consumption:	0
match_ilp_solution_length:	79
match_ilp_upper_bound:	79
match_ilp_runtime:	2.61e-07
mdd_ilp_solution_length:	79
mdd_ilp_upper_bound:	79
mdd_ilp_runtime:	5.4e-08
solution:	[42, 90, 32, 31, 106, 0, 43, 78, 75, 104, 110, 21, 64, 23, 76, 79, 4, 37, 77, 120, 57, 3, 36, 123, 16, 46, 61, 15, 40, 9, 107, 93, 122, 96, 39, 38, 111, 89, 117, 20, 67, 68, 49, 95, 27, 60, 22, 2, 52, 53, 56, 108, 114, 87, 115, 127, 18, 25, 81, 121, 83, 118, 34, 6, 86, 112, 99, 1, 91, 48, 82, 69, 62, 125, 12, 98, 84, 55, 97, ]
