solved:	true
solution_length:	67
upper_bound:	67
solution_runtime:	1.60119
heuristic_solution_length:	67
heuristic_solution_runtime:	0.0328073
heuristic_runtime:	0.475019
solving_forward:	false
reduction_is_complete:	true
reduction_quality:	1
reduction_upper_bound:	67
reduction_runtime:	1.12618
mdd_memory_consumption:	73516
main_process_memory_consumption:	0
match_ilp_solution_length:	67
match_ilp_upper_bound:	67
match_ilp_runtime:	1.56e-07
mdd_ilp_solution_length:	67
mdd_ilp_upper_bound:	67
mdd_ilp_runtime:	5.2e-08
solution:	[127, 46, 29, 40, 69, 43, 0, 121, 41, 70, 77, 61, 63, 71, 54, 84, 81, 55, 35, 78, 3, 111, 47, 48, 99, 73, 119, 86, 117, 11, 50, 103, 79, 107, 37, 89, 33, 58, 38, 120, 110, 104, 27, 123, 124, 94, 125, 1, 102, 83, 105, 14, 64, 74, 12, 20, 24, 26, 93, 4, 19, 82, 49, 80, 91, 21, 15, ]
