solved:	true
solution_length:	56
upper_bound:	56
solution_runtime:	0.137222
heuristic_solution_length:	56
heuristic_solution_runtime:	0.0123959
heuristic_runtime:	0.105767
solving_forward:	false
reduction_is_complete:	true
reduction_quality:	1
reduction_upper_bound:	56
reduction_runtime:	0.0314551
mdd_memory_consumption:	0
main_process_memory_consumption:	0
match_ilp_solution_length:	56
match_ilp_upper_bound:	56
match_ilp_runtime:	1.01e-07
mdd_ilp_solution_length:	56
mdd_ilp_upper_bound:	56
mdd_ilp_runtime:	4.4e-08
solution:	[4, 58, 32, 25, 38, 0, 21, 61, 9, 1, 71, 67, 96, 114, 105, 123, 14, 39, 34, 102, 109, 17, 73, 7, 127, 98, 45, 29, 90, 56, 92, 111, 15, 28, 18, 120, 82, 75, 76, 52, 86, 121, 99, 104, 31, 26, 47, 81, 77, 50, 8, 2, 68, 19, 41, 125, ]
