solved:	true
solution_length:	52
upper_bound:	52
solution_runtime:	0.16616
heuristic_solution_length:	52
heuristic_solution_runtime:	0.0111414
heuristic_runtime:	0.0946293
solving_forward:	false
reduction_is_complete:	true
reduction_quality:	1
reduction_upper_bound:	52
reduction_runtime:	0.0715308
mdd_memory_consumption:	55072
main_process_memory_consumption:	0
match_ilp_solution_length:	52
match_ilp_upper_bound:	52
match_ilp_runtime:	1.04e-07
mdd_ilp_solution_length:	52
mdd_ilp_upper_bound:	52
mdd_ilp_runtime:	6e-08
solution:	[83, 109, 101, 31, 12, 54, 62, 116, 124, 19, 10, 60, 33, 55, 64, 93, 56, 89, 48, 21, 36, 23, 17, 98, 22, 61, 112, 20, 106, 102, 105, 75, 46, 50, 114, 100, 44, 15, 52, 37, 125, 1, 0, 76, 2, 66, 26, 115, 123, 11, 94, 90, ]
