solved:	true
solution_length:	70
upper_bound:	70
solution_runtime:	1.01749
heuristic_solution_length:	70
heuristic_solution_runtime:	0.0536951
heuristic_runtime:	0.481914
solving_forward:	true
reduction_is_complete:	true
reduction_quality:	1
reduction_upper_bound:	70
reduction_runtime:	0.535572
mdd_memory_consumption:	66664
main_process_memory_consumption:	0
match_ilp_solution_length:	70
match_ilp_upper_bound:	70
match_ilp_runtime:	1.88e-07
mdd_ilp_solution_length:	70
mdd_ilp_upper_bound:	70
mdd_ilp_runtime:	5.5e-08
solution:	[6, 118, 36, 85, 47, 115, 25, 113, 34, 70, 30, 124, 38, 41, 89, 122, 19, 82, 76, 119, 55, 120, 61, 84, 37, 15, 123, 57, 69, 106, 93, 27, 109, 74, 110, 32, 103, 29, 97, 17, 42, 114, 117, 63, 0, 111, 35, 10, 102, 100, 112, 88, 54, 66, 87, 71, 49, 127, 50, 56, 22, 104, 77, 62, 48, 24, 125, 105, 126, 95, ]
