solved:	true
solution_length:	46
upper_bound:	46
solution_runtime:	0.0300714
heuristic_solution_length:	46
heuristic_solution_runtime:	0.00668282
heuristic_runtime:	0.0265638
solving_forward:	false
reduction_is_complete:	true
reduction_quality:	1
reduction_upper_bound:	46
reduction_runtime:	0.00350741
mdd_memory_consumption:	0
main_process_memory_consumption:	0
match_ilp_solution_length:	46
match_ilp_upper_bound:	46
match_ilp_runtime:	2.05e-07
mdd_ilp_solution_length:	46
mdd_ilp_upper_bound:	46
mdd_ilp_runtime:	7.7e-08
solution:	[52, 50, 10, 31, 107, 122, 127, 113, 59, 90, 69, 14, 47, 27, 74, 71, 43, 70, 36, 119, 105, 26, 65, 100, 0, 24, 78, 56, 80, 111, 16, 62, 101, 11, 4, 82, 118, 29, 76, 15, 67, 110, 108, 89, 77, 126, ]
