solved:	true
solution_length:	82
upper_bound:	82
solution_runtime:	4.53248
heuristic_solution_length:	82
heuristic_solution_runtime:	0.0519691
heuristic_runtime:	0.976377
solving_forward:	false
reduction_is_complete:	true
reduction_quality:	1
reduction_upper_bound:	82
reduction_runtime:	3.55611
mdd_memory_consumption:	123780
main_process_memory_consumption:	0
match_ilp_solution_length:	82
match_ilp_upper_bound:	82
match_ilp_runtime:	2.49e-07
mdd_ilp_solution_length:	82
mdd_ilp_upper_bound:	82
mdd_ilp_runtime:	5.6e-08
solution:	[28, 53, 45, 56, 63, 58, 125, 37, 2, 39, 102, 104, 86, 116, 0, 64, 70, 65, 121, 6, 115, 123, 62, 32, 112, 100, 42, 35, 79, 94, 23, 119, 113, 4, 49, 14, 15, 85, 34, 12, 75, 51, 61, 54, 117, 21, 13, 80, 90, 71, 68, 118, 89, 114, 120, 40, 92, 106, 93, 111, 11, 87, 38, 1, 33, 122, 31, 47, 59, 52, 10, 44, 18, 25, 7, 126, 78, 9, 82, 103, 46, 127, ]
