solved:	true
solution_length:	77
upper_bound:	77
solution_runtime:	1.71196
heuristic_solution_length:	77
heuristic_solution_runtime:	0.0568173
heuristic_runtime:	0.714734
solving_forward:	false
reduction_is_complete:	true
reduction_quality:	1
reduction_upper_bound:	77
reduction_runtime:	0.997222
mdd_memory_consumption:	76640
main_process_memory_consumption:	0
match_ilp_solution_length:	77
match_ilp_upper_bound:	77
match_ilp_runtime:	9.6e-08
mdd_ilp_solution_length:	77
mdd_ilp_upper_bound:	77
mdd_ilp_runtime:	5.5e-08
solution:	[20, 111, 55, 88, 24, 83, 122, 42, 45, 1, 98, 107, 104, 27, 10, 31, 63, 70, 28, 34, 23, 118, 43, 100, 18, 96, 86, 9, 46, 12, 16, 37, 68, 109, 93, 17, 97, 69, 58, 75, 54, 29, 112, 84, 21, 56, 78, 19, 82, 49, 77, 67, 114, 89, 51, 41, 106, 50, 48, 25, 22, 92, 47, 32, 33, 2, 120, 115, 73, 72, 76, 13, 30, 7, 87, 124, 85, ]
