solved:	true
solution_length:	48
upper_bound:	48
solution_runtime:	0.0152536
heuristic_solution_length:	48
heuristic_solution_runtime:	0.00700791
heuristic_runtime:	0.0148587
solving_forward:	true
reduction_is_complete:	true
reduction_quality:	1
reduction_upper_bound:	48
reduction_runtime:	0.000394781
mdd_memory_consumption:	0
main_process_memory_consumption:	0
match_ilp_solution_length:	48
match_ilp_upper_bound:	48
match_ilp_runtime:	1.17e-07
mdd_ilp_solution_length:	48
mdd_ilp_upper_bound:	48
mdd_ilp_runtime:	5.4e-08
solution:	[72, 44, 105, 31, 29, 56, 85, 32, 64, 80, 87, 95, 2, 37, 50, 9, 22, 74, 101, 1, 70, 118, 45, 126, 19, 38, 123, 55, 106, 54, 122, 111, 10, 109, 6, 11, 99, 67, 28, 34, 60, 79, 77, 39, 81, 114, 84, 91, ]
