solved:	true
solution_length:	58
upper_bound:	58
solution_runtime:	0.182574
heuristic_solution_length:	58
heuristic_solution_runtime:	0.0185993
heuristic_runtime:	0.152019
solving_forward:	false
reduction_is_complete:	true
reduction_quality:	1
reduction_upper_bound:	58
reduction_runtime:	0.0305551
mdd_memory_consumption:	0
main_process_memory_consumption:	0
match_ilp_solution_length:	58
match_ilp_upper_bound:	58
match_ilp_runtime:	1.08e-07
mdd_ilp_solution_length:	58
mdd_ilp_upper_bound:	58
mdd_ilp_runtime:	4.1e-08
solution:	[46, 68, 94, 117, 91, 118, 115, 65, 76, 113, 82, 87, 56, 7, 12, 106, 1, 75, 38, 105, 10, 74, 88, 33, 29, 110, 126, 70, 25, 112, 116, 51, 41, 93, 48, 4, 69, 92, 104, 26, 81, 101, 120, 73, 36, 96, 78, 52, 66, 53, 11, 55, 24, 85, 63, 31, 0, 97, ]
