solved:	true
solution_length:	51
upper_bound:	51
solution_runtime:	0.116464
heuristic_solution_length:	51
heuristic_solution_runtime:	0.0102361
heuristic_runtime:	0.0993514
solving_forward:	false
reduction_is_complete:	true
reduction_quality:	1
reduction_upper_bound:	51
reduction_runtime:	0.0171127
mdd_memory_consumption:	0
main_process_memory_consumption:	0
match_ilp_solution_length:	51
match_ilp_upper_bound:	51
match_ilp_runtime:	1.02e-07
mdd_ilp_solution_length:	51
mdd_ilp_upper_bound:	51
mdd_ilp_runtime:	4.7e-08
solution:	[20, 34, 85, 24, 108, 49, 75, 4, 53, 6, 125, 12, 32, 81, 33, 88, 38, 25, 16, 70, 96, 9, 78, 122, 74, 43, 79, 100, 7, 90, 19, 83, 93, 10, 58, 27, 14, 94, 22, 11, 2, 117, 28, 37, 8, 105, 48, 31, 121, 80, 68, ]
