solved:	true
solution_length:	62
upper_bound:	62
solution_runtime:	0.360754
heuristic_solution_length:	62
heuristic_solution_runtime:	0.0183662
heuristic_runtime:	0.231245
solving_forward:	false
reduction_is_complete:	true
reduction_quality:	1
reduction_upper_bound:	62
reduction_runtime:	0.129509
mdd_memory_consumption:	59148
main_process_memory_consumption:	0
match_ilp_solution_length:	62
match_ilp_upper_bound:	62
match_ilp_runtime:	4.14e-07
mdd_ilp_solution_length:	62
mdd_ilp_upper_bound:	62
mdd_ilp_runtime:	1.88e-07
solution:	[88, 110, 84, 14, 25, 87, 27, 120, 18, 107, 102, 65, 74, 22, 104, 3, 85, 100, 80, 72, 60, 39, 106, 58, 62, 108, 44, 101, 26, 38, 16, 11, 6, 61, 91, 28, 21, 82, 64, 114, 56, 115, 68, 42, 45, 89, 46, 50, 49, 109, 124, 20, 53, 81, 73, 70, 41, 92, 96, 127, 23, 29, ]
