solved:	true
solution_length:	71
upper_bound:	71
solution_runtime:	1.49576
heuristic_solution_length:	71
heuristic_solution_runtime:	0.0268988
heuristic_runtime:	0.602439
solving_forward:	false
reduction_is_complete:	true
reduction_quality:	1
reduction_upper_bound:	71
reduction_runtime:	0.893317
mdd_memory_consumption:	73560
main_process_memory_consumption:	0
match_ilp_solution_length:	71
match_ilp_upper_bound:	71
match_ilp_runtime:	2e-07
mdd_ilp_solution_length:	71
mdd_ilp_upper_bound:	71
mdd_ilp_runtime:	5.5e-08
solution:	[37, 73, 104, 82, 89, 83, 2, 76, 96, 92, 24, 113, 60, 69, 87, 45, 127, 0, 46, 54, 50, 112, 14, 64, 78, 61, 30, 108, 99, 53, 110, 6, 114, 25, 13, 126, 48, 106, 29, 100, 19, 119, 33, 118, 34, 63, 81, 59, 21, 101, 43, 31, 71, 93, 11, 9, 27, 123, 12, 20, 75, 120, 116, 15, 105, 74, 58, 66, 97, 7, 55, ]
