solved:	true
solution_length:	56
upper_bound:	56
solution_runtime:	0.068502
heuristic_solution_length:	56
heuristic_solution_runtime:	0.0118268
heuristic_runtime:	0.0598033
solving_forward:	true
reduction_is_complete:	true
reduction_quality:	1
reduction_upper_bound:	56
reduction_runtime:	0.00869862
mdd_memory_consumption:	0
main_process_memory_consumption:	0
match_ilp_solution_length:	56
match_ilp_upper_bound:	56
match_ilp_runtime:	1.1e-07
mdd_ilp_solution_length:	56
mdd_ilp_upper_bound:	56
mdd_ilp_runtime:	4.3e-08
solution:	[30, 117, 3, 2, 26, 22, 23, 77, 93, 100, 14, 119, 113, 20, 86, 52, 31, 34, 41, 65, 57, 62, 37, 42, 92, 59, 19, 40, 94, 9, 54, 51, 67, 32, 108, 127, 10, 49, 25, 0, 88, 102, 21, 73, 16, 114, 104, 28, 75, 90, 82, 46, 122, 109, 81, 58, ]
