solved:	true
solution_length:	74
upper_bound:	74
solution_runtime:	1.34006
heuristic_solution_length:	74
heuristic_solution_runtime:	0.0269482
heuristic_runtime:	0.625665
solving_forward:	true
reduction_is_complete:	true
reduction_quality:	1
reduction_upper_bound:	74
reduction_runtime:	0.714394
mdd_memory_consumption:	71076
main_process_memory_consumption:	0
match_ilp_solution_length:	74
match_ilp_upper_bound:	74
match_ilp_runtime:	2.52e-07
mdd_ilp_solution_length:	74
mdd_ilp_upper_bound:	74
mdd_ilp_runtime:	5.6e-08
solution:	[18, 63, 83, 6, 29, 2, 91, 37, 3, 122, 112, 68, 10, 46, 7, 81, 76, 58, 72, 44, 75, 99, 22, 121, 56, 57, 92, 5, 15, 111, 89, 85, 118, 124, 54, 70, 33, 101, 117, 28, 90, 80, 17, 104, 126, 36, 93, 60, 24, 14, 116, 47, 52, 109, 16, 13, 1, 95, 67, 96, 50, 84, 11, 45, 9, 102, 73, 31, 8, 98, 30, 61, 26, 62, ]
