solved:	true
solution_length:	76
upper_bound:	76
solution_runtime:	4.7598
heuristic_solution_length:	76
heuristic_solution_runtime:	0.143739
heuristic_runtime:	0.806275
solving_forward:	true
reduction_is_complete:	true
reduction_quality:	1
reduction_upper_bound:	76
reduction_runtime:	3.95352
mdd_memory_consumption:	146792
main_process_memory_consumption:	0
match_ilp_solution_length:	76
match_ilp_upper_bound:	76
match_ilp_runtime:	5.14e-07
mdd_ilp_solution_length:	76
mdd_ilp_upper_bound:	76
mdd_ilp_runtime:	5.7e-08
solution:	[77, 125, 48, 71, 50, 84, 97, 11, 112, 105, 41, 7, 28, 95, 63, 25, 61, 6, 26, 88, 113, 114, 51, 56, 42, 91, 123, 78, 109, 29, 106, 47, 52, 100, 118, 92, 43, 2, 80, 67, 94, 127, 53, 121, 5, 86, 115, 19, 30, 75, 34, 72, 99, 15, 38, 108, 9, 96, 117, 103, 54, 76, 36, 119, 3, 98, 13, 44, 83, 107, 102, 59, 89, 79, 65, 64, ]
