solved:	true
solution_length:	65
upper_bound:	65
solution_runtime:	0.312434
heuristic_solution_length:	65
heuristic_solution_runtime:	0.0520196
heuristic_runtime:	0.223403
solving_forward:	false
reduction_is_complete:	true
reduction_quality:	1
reduction_upper_bound:	65
reduction_runtime:	0.0890312
mdd_memory_consumption:	56732
main_process_memory_consumption:	0
match_ilp_solution_length:	65
match_ilp_upper_bound:	65
match_ilp_runtime:	1.29e-07
mdd_ilp_solution_length:	65
mdd_ilp_upper_bound:	65
mdd_ilp_runtime:	5.4e-08
solution:	[26, 0, 57, 74, 85, 34, 62, 4, 64, 65, 111, 72, 13, 44, 127, 86, 92, 123, 70, 68, 75, 87, 30, 63, 84, 97, 112, 66, 59, 94, 119, 56, 51, 121, 81, 20, 16, 27, 14, 3, 73, 19, 48, 29, 116, 124, 115, 45, 106, 58, 76, 31, 54, 69, 82, 102, 101, 24, 105, 96, 6, 78, 118, 98, 50, ]
