solved:	true
solution_length:	66
upper_bound:	66
solution_runtime:	0.335343
heuristic_solution_length:	66
heuristic_solution_runtime:	0.0144551
heuristic_runtime:	0.261554
solving_forward:	false
reduction_is_complete:	true
reduction_quality:	1
reduction_upper_bound:	66
reduction_runtime:	0.073789
mdd_memory_consumption:	0
main_process_memory_consumption:	0
match_ilp_solution_length:	66
match_ilp_upper_bound:	66
match_ilp_runtime:	1.02e-07
mdd_ilp_solution_length:	66
mdd_ilp_upper_bound:	66
mdd_ilp_runtime:	4.5e-08
solution:	[11, 117, 26, 46, 71, 42, 44, 23, 122, 72, 19, 25, 35, 3, 77, 14, 47, 5, 113, 40, 12, 106, 73, 83, 28, 103, 0, 112, 127, 91, 4, 33, 58, 74, 75, 50, 82, 63, 119, 76, 43, 32, 54, 67, 30, 24, 20, 110, 13, 99, 36, 49, 22, 17, 96, 37, 62, 81, 87, 7, 121, 115, 27, 90, 6, 93, ]
