solved:	true
solution_length:	52
upper_bound:	52
solution_runtime:	0.0531615
heuristic_solution_length:	52
heuristic_solution_runtime:	0.010542
heuristic_runtime:	0.0492838
solving_forward:	true
reduction_is_complete:	true
reduction_quality:	1
reduction_upper_bound:	52
reduction_runtime:	0.00387759
mdd_memory_consumption:	0
main_process_memory_consumption:	0
match_ilp_solution_length:	52
match_ilp_upper_bound:	52
match_ilp_runtime:	9.2e-08
mdd_ilp_solution_length:	52
mdd_ilp_upper_bound:	52
mdd_ilp_runtime:	4.1e-08
solution:	[74, 17, 50, 45, 80, 32, 34, 7, 35, 4, 26, 33, 88, 108, 43, 72, 81, 11, 90, 63, 13, 79, 22, 71, 59, 2, 109, 95, 121, 37, 113, 100, 86, 57, 14, 24, 9, 91, 104, 122, 52, 96, 125, 20, 94, 89, 115, 28, 92, 78, 36, 87, ]
