solved:	true
solution_length:	69
upper_bound:	69
solution_runtime:	0.518216
heuristic_solution_length:	69
heuristic_solution_runtime:	0.0224294
heuristic_runtime:	0.340298
solving_forward:	true
reduction_is_complete:	true
reduction_quality:	1
reduction_upper_bound:	69
reduction_runtime:	0.177917
mdd_memory_consumption:	60516
main_process_memory_consumption:	0
match_ilp_solution_length:	69
match_ilp_upper_bound:	69
match_ilp_runtime:	1.12e-07
mdd_ilp_solution_length:	69
mdd_ilp_upper_bound:	69
mdd_ilp_runtime:	5.6e-08
solution:	[89, 118, 23, 65, 117, 5, 25, 71, 17, 109, 22, 33, 15, 30, 44, 119, 99, 102, 107, 19, 114, 12, 73, 83, 13, 64, 57, 46, 26, 94, 1, 121, 112, 63, 77, 16, 60, 52, 78, 35, 90, 6, 105, 58, 115, 47, 123, 53, 87, 81, 7, 37, 86, 54, 38, 125, 42, 113, 49, 45, 120, 127, 50, 48, 111, 31, 69, 92, 124, ]
