solved:	true
solution_length:	72
upper_bound:	72
solution_runtime:	0.909387
heuristic_solution_length:	72
heuristic_solution_runtime:	0.051665
heuristic_runtime:	0.391272
solving_forward:	true
reduction_is_complete:	true
reduction_quality:	1
reduction_upper_bound:	72
reduction_runtime:	0.518115
mdd_memory_consumption:	67440
main_process_memory_consumption:	0
match_ilp_solution_length:	72
match_ilp_upper_bound:	72
match_ilp_runtime:	9.4e-08
mdd_ilp_solution_length:	72
mdd_ilp_upper_bound:	72
mdd_ilp_runtime:	5.6e-08
solution:	[64, 124, 84, 15, 35, 105, 3, 14, 95, 38, 18, 113, 116, 19, 30, 32, 27, 11, 51, 91, 112, 37, 31, 17, 10, 79, 66, 43, 119, 25, 26, 47, 88, 5, 57, 2, 78, 48, 101, 4, 0, 8, 83, 87, 68, 56, 16, 103, 76, 39, 117, 92, 21, 50, 45, 125, 110, 122, 23, 53, 65, 99, 93, 75, 41, 62, 24, 67, 61, 97, 123, 29, ]
