solved:	true
solution_length:	71
upper_bound:	71
solution_runtime:	1.64516
heuristic_solution_length:	71
heuristic_solution_runtime:	0.0308632
heuristic_runtime:	0.538699
solving_forward:	true
reduction_is_complete:	true
reduction_quality:	1
reduction_upper_bound:	71
reduction_runtime:	1.10646
mdd_memory_consumption:	75604
main_process_memory_consumption:	0
match_ilp_solution_length:	71
match_ilp_upper_bound:	71
match_ilp_runtime:	1.55e-07
mdd_ilp_solution_length:	71
mdd_ilp_upper_bound:	71
mdd_ilp_runtime:	5.4e-08
solution:	[92, 23, 93, 31, 79, 45, 117, 87, 107, 58, 108, 53, 4, 55, 7, 71, 80, 0, 50, 66, 14, 105, 8, 35, 54, 48, 114, 123, 46, 81, 63, 125, 84, 122, 124, 26, 77, 118, 59, 6, 51, 10, 22, 86, 121, 21, 9, 73, 116, 34, 18, 36, 17, 112, 126, 100, 94, 74, 106, 82, 15, 104, 89, 70, 83, 98, 32, 30, 110, 103, 44, ]
