solved:	true
solution_length:	70
upper_bound:	70
solution_runtime:	0.378051
heuristic_solution_length:	70
heuristic_solution_runtime:	0.0220083
heuristic_runtime:	0.256374
solving_forward:	false
reduction_is_complete:	true
reduction_quality:	1
reduction_upper_bound:	70
reduction_runtime:	0.121677
mdd_memory_consumption:	58892
main_process_memory_consumption:	0
match_ilp_solution_length:	70
match_ilp_upper_bound:	70
match_ilp_runtime:	1.25e-07
mdd_ilp_solution_length:	70
mdd_ilp_upper_bound:	70
mdd_ilp_runtime:	6.8e-08
solution:	[3, 94, 123, 28, 13, 36, 124, 8, 37, 91, 66, 59, 7, 19, 127, 109, 106, 57, 56, 90, 63, 40, 51, 22, 87, 39, 114, 47, 62, 97, 25, 16, 68, 103, 95, 107, 102, 6, 52, 17, 78, 76, 74, 60, 100, 73, 1, 117, 112, 4, 96, 67, 111, 11, 61, 113, 64, 105, 71, 58, 126, 0, 88, 32, 83, 45, 21, 35, 101, 2, ]
