solved:	true
solution_length:	58
upper_bound:	58
solution_runtime:	0.347577
heuristic_solution_length:	58
heuristic_solution_runtime:	0.0130316
heuristic_runtime:	0.190917
solving_forward:	true
reduction_is_complete:	true
reduction_quality:	1
reduction_upper_bound:	58
reduction_runtime:	0.15666
mdd_memory_consumption:	59128
main_process_memory_consumption:	0
match_ilp_solution_length:	58
match_ilp_upper_bound:	58
match_ilp_runtime:	1.57e-07
mdd_ilp_solution_length:	58
mdd_ilp_upper_bound:	58
mdd_ilp_runtime:	5.6e-08
solution:	[117, 53, 9, 82, 97, 70, 30, 49, 105, 120, 28, 99, 123, 10, 66, 47, 38, 25, 80, 59, 0, 118, 5, 91, 111, 45, 122, 22, 39, 103, 104, 83, 85, 37, 26, 88, 36, 114, 32, 119, 29, 84, 125, 67, 60, 86, 102, 34, 19, 110, 78, 12, 124, 52, 46, 68, 4, 87, ]
