solved:	true
solution_length:	91
upper_bound:	91
solution_runtime:	1.26194
heuristic_solution_length:	91
heuristic_solution_runtime:	0.0639853
heuristic_runtime:	0.779487
solving_forward:	false
reduction_is_complete:	true
reduction_quality:	1
reduction_upper_bound:	91
reduction_runtime:	0.482452
mdd_memory_consumption:	72944
main_process_memory_consumption:	0
match_ilp_solution_length:	91
match_ilp_upper_bound:	91
match_ilp_runtime:	1.59e-07
mdd_ilp_solution_length:	91
mdd_ilp_upper_bound:	91
mdd_ilp_runtime:	5.5e-08
solution:	[117, 44, 247, 196, 232, 162, 73, 24, 242, 118, 219, 200, 207, 222, 1, 192, 253, 237, 224, 229, 60, 108, 176, 31, 43, 93, 147, 204, 9, 130, 38, 174, 141, 178, 123, 19, 146, 111, 143, 168, 75, 154, 26, 109, 71, 236, 104, 228, 21, 56, 206, 180, 129, 255, 100, 199, 94, 107, 121, 10, 171, 160, 40, 231, 46, 251, 113, 96, 83, 132, 209, 172, 64, 250, 144, 86, 105, 184, 254, 27, 177, 225, 59, 53, 175, 28, 166, 4, 68, 67, 198, ]
