solved:	true
solution_length:	52
upper_bound:	52
solution_runtime:	0.0399865
heuristic_solution_length:	52
heuristic_solution_runtime:	0.0134992
heuristic_runtime:	0.0375803
solving_forward:	true
reduction_is_complete:	true
reduction_quality:	1
reduction_upper_bound:	52
reduction_runtime:	0.00240607
mdd_memory_consumption:	0
main_process_memory_consumption:	0
match_ilp_solution_length:	52
match_ilp_upper_bound:	52
match_ilp_runtime:	1.03e-07
mdd_ilp_solution_length:	52
mdd_ilp_upper_bound:	52
mdd_ilp_runtime:	4.3e-08
solution:	[69, 190, 159, 27, 250, 213, 70, 3, 125, 145, 178, 229, 58, 39, 55, 64, 67, 171, 127, 205, 13, 84, 46, 151, 216, 81, 252, 45, 97, 223, 59, 238, 23, 222, 77, 235, 54, 56, 78, 110, 119, 255, 172, 48, 135, 208, 163, 228, 43, 241, 133, 73, ]
