solved:	true
solution_length:	104
upper_bound:	104
solution_runtime:	4.51426
heuristic_solution_length:	104
heuristic_solution_runtime:	0.086388
heuristic_runtime:	1.69741
solving_forward:	false
reduction_is_complete:	true
reduction_quality:	1
reduction_upper_bound:	104
reduction_runtime:	2.81685
mdd_memory_consumption:	109820
main_process_memory_consumption:	0
match_ilp_solution_length:	104
match_ilp_upper_bound:	104
match_ilp_runtime:	2.62e-07
mdd_ilp_solution_length:	104
mdd_ilp_upper_bound:	104
mdd_ilp_runtime:	5.4e-08
solution:	[125, 20, 117, 55, 104, 28, 75, 120, 189, 212, 208, 131, 78, 2, 46, 89, 84, 241, 82, 170, 245, 132, 90, 135, 217, 237, 36, 49, 72, 11, 184, 167, 61, 164, 33, 196, 62, 121, 215, 204, 151, 54, 130, 99, 93, 244, 51, 43, 138, 197, 3, 182, 239, 251, 110, 85, 211, 249, 178, 203, 162, 34, 214, 157, 105, 146, 102, 44, 193, 139, 243, 59, 171, 15, 8, 69, 252, 67, 65, 127, 58, 141, 136, 150, 183, 190, 218, 248, 222, 129, 42, 181, 88, 70, 156, 192, 225, 133, 0, 166, 111, 147, 235, 122, ]
