solved:	true
solution_length:	55
upper_bound:	55
solution_runtime:	0.0273199
heuristic_solution_length:	55
heuristic_solution_runtime:	0.014072
heuristic_runtime:	0.0268219
solving_forward:	true
reduction_is_complete:	true
reduction_quality:	1
reduction_upper_bound:	55
reduction_runtime:	0.00049788
mdd_memory_consumption:	0
main_process_memory_consumption:	0
match_ilp_solution_length:	55
match_ilp_upper_bound:	55
match_ilp_runtime:	1.08e-07
mdd_ilp_solution_length:	55
mdd_ilp_upper_bound:	55
mdd_ilp_runtime:	5e-08
solution:	[177, 33, 76, 246, 168, 233, 142, 101, 80, 94, 138, 84, 156, 174, 252, 208, 81, 247, 187, 196, 104, 212, 51, 186, 98, 126, 243, 165, 32, 122, 185, 43, 119, 235, 171, 70, 194, 114, 202, 214, 72, 69, 93, 63, 92, 60, 129, 147, 31, 86, 199, 180, 110, 99, 118, ]
