solved:	true
solution_length:	54
upper_bound:	54
solution_runtime:	0.0264259
heuristic_solution_length:	54
heuristic_solution_runtime:	0.0146413
heuristic_runtime:	0.0259403
solving_forward:	true
reduction_is_complete:	true
reduction_quality:	1
reduction_upper_bound:	54
reduction_runtime:	0.000485485
mdd_memory_consumption:	0
main_process_memory_consumption:	0
match_ilp_solution_length:	54
match_ilp_upper_bound:	54
match_ilp_runtime:	1.1e-07
mdd_ilp_solution_length:	54
mdd_ilp_upper_bound:	54
mdd_ilp_runtime:	5.2e-08
solution:	[107, 46, 47, 172, 88, 67, 55, 73, 25, 68, 130, 2, 11, 21, 217, 42, 80, 40, 188, 27, 13, 48, 164, 35, 148, 124, 49, 96, 119, 144, 134, 228, 180, 64, 120, 225, 87, 198, 105, 170, 132, 253, 14, 204, 9, 29, 78, 81, 74, 240, 208, 218, 17, 187, ]
