solved:	true
solution_length:	81
upper_bound:	81
solution_runtime:	0.188975
heuristic_solution_length:	81
heuristic_solution_runtime:	0.0331995
heuristic_runtime:	0.169693
solving_forward:	false
reduction_is_complete:	true
reduction_quality:	1
reduction_upper_bound:	81
reduction_runtime:	0.0192825
mdd_memory_consumption:	0
main_process_memory_consumption:	0
match_ilp_solution_length:	81
match_ilp_upper_bound:	81
match_ilp_runtime:	1.01e-07
mdd_ilp_solution_length:	81
mdd_ilp_upper_bound:	81
mdd_ilp_runtime:	4.1e-08
solution:	[158, 13, 51, 144, 209, 182, 100, 105, 165, 52, 196, 245, 36, 212, 236, 195, 173, 38, 204, 228, 121, 44, 154, 37, 223, 61, 203, 239, 142, 131, 104, 87, 119, 241, 72, 57, 91, 33, 8, 193, 114, 242, 58, 29, 77, 1, 240, 32, 65, 145, 208, 255, 56, 6, 90, 254, 126, 190, 27, 64, 10, 233, 80, 76, 46, 42, 74, 135, 136, 156, 197, 4, 202, 47, 35, 210, 127, 140, 123, 111, 157, ]
