solved:	true
solution_length:	88
upper_bound:	88
solution_runtime:	0.335492
heuristic_solution_length:	88
heuristic_solution_runtime:	0.0315489
heuristic_runtime:	0.23618
solving_forward:	false
reduction_is_complete:	true
reduction_quality:	1
reduction_upper_bound:	88
reduction_runtime:	0.0993119
mdd_memory_consumption:	62916
main_process_memory_consumption:	0
match_ilp_solution_length:	88
match_ilp_upper_bound:	88
match_ilp_runtime:	1.78e-07
mdd_ilp_solution_length:	88
mdd_ilp_upper_bound:	88
mdd_ilp_runtime:	6.1e-08
solution:	[52, 128, 114, 107, 76, 140, 9, 115, 25, 108, 72, 30, 81, 125, 120, 64, 58, 255, 246, 22, 244, 156, 101, 89, 85, 142, 71, 41, 217, 1, 163, 75, 132, 59, 62, 36, 154, 251, 29, 130, 113, 16, 223, 40, 61, 20, 164, 205, 180, 194, 77, 175, 131, 10, 21, 50, 215, 83, 57, 157, 155, 240, 190, 231, 78, 176, 171, 227, 44, 230, 177, 111, 134, 169, 0, 239, 192, 248, 191, 67, 93, 105, 69, 119, 136, 42, 161, 2, ]
