solved:	true
solution_length:	95
upper_bound:	95
solution_runtime:	1.16766
heuristic_solution_length:	95
heuristic_solution_runtime:	0.055357
heuristic_runtime:	0.805995
solving_forward:	false
reduction_is_complete:	true
reduction_quality:	1
reduction_upper_bound:	95
reduction_runtime:	0.36166
mdd_memory_consumption:	70232
main_process_memory_consumption:	0
match_ilp_solution_length:	95
match_ilp_upper_bound:	95
match_ilp_runtime:	2.76e-07
mdd_ilp_solution_length:	95
mdd_ilp_upper_bound:	95
mdd_ilp_runtime:	5.6e-08
solution:	[210, 251, 37, 62, 95, 48, 178, 80, 194, 203, 84, 158, 169, 236, 162, 68, 3, 205, 74, 171, 193, 145, 116, 67, 11, 240, 163, 8, 199, 92, 25, 139, 221, 211, 239, 247, 73, 229, 86, 45, 100, 207, 112, 179, 223, 118, 154, 137, 115, 55, 244, 35, 107, 123, 30, 49, 96, 79, 93, 102, 196, 89, 36, 248, 15, 24, 50, 83, 21, 2, 235, 141, 87, 146, 219, 232, 40, 29, 114, 28, 217, 69, 176, 46, 106, 243, 124, 231, 188, 130, 71, 32, 226, 185, 133, ]
