solved:	true
solution_length:	71
upper_bound:	71
solution_runtime:	0.10681
heuristic_solution_length:	71
heuristic_solution_runtime:	0.0253936
heuristic_runtime:	0.0966354
solving_forward:	false
reduction_is_complete:	true
reduction_quality:	1
reduction_upper_bound:	71
reduction_runtime:	0.0101747
mdd_memory_consumption:	0
main_process_memory_consumption:	0
match_ilp_solution_length:	71
match_ilp_upper_bound:	71
match_ilp_runtime:	1.02e-07
mdd_ilp_solution_length:	71
mdd_ilp_upper_bound:	71
mdd_ilp_runtime:	4.1e-08
solution:	[139, 23, 69, 176, 177, 218, 135, 50, 8, 2, 237, 149, 20, 234, 90, 65, 160, 180, 150, 11, 216, 53, 56, 114, 40, 9, 226, 18, 179, 145, 254, 199, 72, 27, 210, 175, 73, 106, 193, 4, 47, 108, 97, 172, 16, 101, 76, 158, 249, 37, 227, 0, 203, 102, 125, 117, 195, 87, 74, 49, 29, 189, 148, 159, 129, 68, 112, 107, 38, 124, 103, ]
