solved:	true
solution_length:	89
upper_bound:	89
solution_runtime:	1.11422
heuristic_solution_length:	89
heuristic_solution_runtime:	0.0542402
heuristic_runtime:	0.789871
solving_forward:	true
reduction_is_complete:	true
reduction_quality:	1
reduction_upper_bound:	89
reduction_runtime:	0.324344
mdd_memory_consumption:	70256
main_process_memory_consumption:	0
match_ilp_solution_length:	89
match_ilp_upper_bound:	89
match_ilp_runtime:	1.52e-07
mdd_ilp_solution_length:	89
mdd_ilp_upper_bound:	89
mdd_ilp_runtime:	5.6e-08
solution:	[44, 20, 19, 183, 196, 73, 18, 49, 128, 82, 69, 33, 207, 104, 159, 112, 180, 201, 57, 87, 26, 54, 154, 95, 255, 63, 164, 231, 205, 127, 114, 71, 145, 176, 75, 134, 214, 182, 228, 5, 234, 121, 215, 122, 61, 197, 135, 59, 239, 190, 247, 86, 34, 46, 209, 235, 157, 89, 27, 74, 137, 91, 158, 222, 80, 21, 94, 185, 179, 130, 165, 225, 152, 148, 188, 68, 208, 105, 226, 88, 243, 56, 98, 147, 211, 217, 66, 139, 187, ]
