solved:	true
solution_length:	105
upper_bound:	105
solution_runtime:	3.68618
heuristic_solution_length:	105
heuristic_solution_runtime:	0.0940619
heuristic_runtime:	1.72506
solving_forward:	true
reduction_is_complete:	true
reduction_quality:	1
reduction_upper_bound:	105
reduction_runtime:	1.96112
mdd_memory_consumption:	92744
main_process_memory_consumption:	0
match_ilp_solution_length:	105
match_ilp_upper_bound:	105
match_ilp_runtime:	1.61e-07
mdd_ilp_solution_length:	105
mdd_ilp_upper_bound:	105
mdd_ilp_runtime:	6.3e-08
solution:	[62, 151, 218, 66, 26, 219, 71, 202, 136, 103, 182, 10, 124, 190, 128, 171, 85, 68, 97, 195, 38, 253, 141, 109, 16, 122, 241, 0, 86, 183, 212, 152, 159, 102, 7, 184, 225, 60, 165, 17, 104, 20, 58, 65, 37, 129, 169, 93, 76, 47, 14, 162, 222, 252, 43, 199, 74, 178, 126, 105, 146, 214, 89, 73, 87, 116, 226, 247, 176, 228, 224, 243, 198, 15, 115, 215, 39, 209, 249, 143, 232, 237, 185, 118, 19, 114, 27, 5, 167, 100, 156, 210, 196, 83, 154, 56, 166, 3, 108, 251, 181, 189, 59, 168, 50, ]
