solved:	true
solution_length:	67
upper_bound:	67
solution_runtime:	0.152969
heuristic_solution_length:	67
heuristic_solution_runtime:	0.0235002
heuristic_runtime:	0.150234
solving_forward:	true
reduction_is_complete:	true
reduction_quality:	1
reduction_upper_bound:	67
reduction_runtime:	0.00273418
mdd_memory_consumption:	0
main_process_memory_consumption:	0
match_ilp_solution_length:	67
match_ilp_upper_bound:	67
match_ilp_runtime:	4.95e-07
mdd_ilp_solution_length:	67
mdd_ilp_upper_bound:	67
mdd_ilp_runtime:	1.6e-07
solution:	[45, 130, 7, 217, 135, 199, 134, 81, 105, 206, 186, 51, 198, 181, 140, 74, 55, 99, 243, 10, 221, 242, 202, 94, 5, 251, 249, 136, 41, 102, 233, 207, 46, 232, 190, 50, 175, 113, 197, 118, 40, 98, 194, 67, 100, 43, 212, 213, 244, 49, 170, 203, 161, 54, 21, 80, 23, 205, 32, 11, 196, 133, 84, 115, 171, 109, 187, ]
