solved:	true
solution_length:	67
upper_bound:	67
solution_runtime:	0.0610782
heuristic_solution_length:	67
heuristic_solution_runtime:	0.0235191
heuristic_runtime:	0.0580853
solving_forward:	true
reduction_is_complete:	true
reduction_quality:	1
reduction_upper_bound:	67
reduction_runtime:	0.00299277
mdd_memory_consumption:	0
main_process_memory_consumption:	0
match_ilp_solution_length:	67
match_ilp_upper_bound:	67
match_ilp_runtime:	9.1e-08
mdd_ilp_solution_length:	67
mdd_ilp_upper_bound:	67
mdd_ilp_runtime:	4.2e-08
solution:	[110, 122, 51, 239, 80, 6, 206, 207, 188, 66, 112, 208, 211, 215, 219, 129, 230, 134, 15, 65, 76, 115, 222, 77, 135, 196, 57, 238, 2, 101, 86, 59, 83, 144, 163, 185, 180, 102, 34, 246, 195, 23, 143, 27, 169, 155, 32, 231, 209, 91, 64, 179, 183, 22, 31, 46, 68, 107, 153, 25, 109, 147, 5, 171, 85, 254, 229, ]
