solved:	true
solution_length:	69
upper_bound:	69
solution_runtime:	0.0729108
heuristic_solution_length:	69
heuristic_solution_runtime:	0.0241122
heuristic_runtime:	0.0695601
solving_forward:	true
reduction_is_complete:	true
reduction_quality:	1
reduction_upper_bound:	69
reduction_runtime:	0.00335055
mdd_memory_consumption:	0
main_process_memory_consumption:	0
match_ilp_solution_length:	69
match_ilp_upper_bound:	69
match_ilp_runtime:	1.3e-07
mdd_ilp_solution_length:	69
mdd_ilp_upper_bound:	69
mdd_ilp_runtime:	7e-08
solution:	[255, 93, 181, 146, 107, 86, 200, 252, 230, 150, 100, 224, 5, 192, 90, 140, 133, 171, 83, 250, 225, 175, 55, 67, 45, 1, 161, 32, 16, 4, 201, 81, 101, 240, 88, 124, 79, 221, 241, 29, 235, 12, 110, 61, 27, 190, 167, 153, 123, 214, 65, 170, 237, 7, 56, 118, 112, 119, 95, 197, 23, 184, 204, 180, 219, 164, 135, 109, 20, ]
