solved:	true
solution_length:	114
upper_bound:	114
solution_runtime:	6.42572
heuristic_solution_length:	114
heuristic_solution_runtime:	0.14508
heuristic_runtime:	3.14551
solving_forward:	true
reduction_is_complete:	true
reduction_quality:	1
reduction_upper_bound:	114
reduction_runtime:	3.28021
mdd_memory_consumption:	114264
main_process_memory_consumption:	0
match_ilp_solution_length:	114
match_ilp_upper_bound:	114
match_ilp_runtime:	2.46e-07
mdd_ilp_solution_length:	114
mdd_ilp_upper_bound:	114
mdd_ilp_runtime:	5.5e-08
solution:	[176, 13, 125, 248, 5, 177, 221, 138, 7, 96, 222, 129, 90, 242, 163, 51, 83, 26, 101, 149, 50, 87, 212, 65, 80, 171, 199, 157, 190, 131, 102, 148, 120, 189, 31, 99, 92, 105, 53, 2, 103, 34, 169, 10, 235, 241, 202, 66, 89, 93, 55, 58, 119, 60, 109, 236, 201, 203, 141, 74, 132, 234, 23, 144, 147, 25, 134, 137, 37, 207, 46, 225, 1, 153, 95, 238, 54, 161, 18, 21, 228, 113, 112, 115, 82, 254, 72, 197, 39, 73, 145, 233, 180, 188, 64, 100, 218, 110, 19, 106, 107, 71, 195, 255, 183, 35, 42, 164, 244, 166, 124, 220, 172, 250, ]
