solved:	true
solution_length:	102
upper_bound:	102
solution_runtime:	3.96017
heuristic_solution_length:	102
heuristic_solution_runtime:	0.0731404
heuristic_runtime:	1.81587
solving_forward:	false
reduction_is_complete:	true
reduction_quality:	1
reduction_upper_bound:	102
reduction_runtime:	2.1443
mdd_memory_consumption:	99576
main_process_memory_consumption:	0
match_ilp_solution_length:	102
match_ilp_upper_bound:	102
match_ilp_runtime:	2.64e-07
mdd_ilp_solution_length:	102
mdd_ilp_upper_bound:	102
mdd_ilp_runtime:	5.4e-08
solution:	[98, 217, 113, 174, 66, 123, 79, 185, 187, 182, 0, 43, 236, 58, 29, 38, 193, 91, 139, 135, 83, 105, 127, 238, 228, 33, 150, 59, 158, 69, 88, 134, 167, 97, 44, 153, 196, 241, 111, 6, 104, 16, 211, 62, 18, 151, 77, 37, 67, 191, 229, 1, 129, 209, 35, 227, 159, 65, 242, 131, 114, 17, 144, 4, 155, 183, 110, 173, 63, 7, 20, 171, 232, 138, 5, 8, 3, 230, 108, 51, 124, 205, 52, 128, 146, 214, 142, 247, 21, 233, 11, 116, 149, 126, 207, 41, 119, 109, 199, 221, 152, 96, ]
