solved:	true
solution_length:	83
upper_bound:	83
solution_runtime:	0.252077
heuristic_solution_length:	83
heuristic_solution_runtime:	0.0341419
heuristic_runtime:	0.18592
solving_forward:	true
reduction_is_complete:	true
reduction_quality:	1
reduction_upper_bound:	83
reduction_runtime:	0.0661566
mdd_memory_consumption:	62624
main_process_memory_consumption:	0
match_ilp_solution_length:	83
match_ilp_upper_bound:	83
match_ilp_runtime:	1.24e-07
mdd_ilp_solution_length:	83
mdd_ilp_upper_bound:	83
mdd_ilp_runtime:	5.8e-08
solution:	[217, 78, 193, 161, 90, 37, 188, 85, 54, 12, 166, 19, 107, 187, 208, 94, 38, 146, 71, 103, 192, 204, 86, 16, 250, 149, 25, 127, 45, 221, 30, 183, 200, 152, 55, 248, 151, 197, 140, 6, 175, 14, 42, 240, 98, 2, 251, 0, 182, 195, 27, 177, 243, 155, 112, 138, 135, 199, 119, 144, 26, 206, 213, 184, 93, 235, 34, 110, 48, 225, 9, 253, 47, 143, 10, 229, 198, 106, 156, 118, 87, 249, 123, ]
