solved:	true
solution_length:	69
upper_bound:	69
solution_runtime:	0.0603397
heuristic_solution_length:	69
heuristic_solution_runtime:	0.0230784
heuristic_runtime:	0.0583789
solving_forward:	true
reduction_is_complete:	true
reduction_quality:	1
reduction_upper_bound:	69
reduction_runtime:	0.00196068
mdd_memory_consumption:	0
main_process_memory_consumption:	0
match_ilp_solution_length:	69
match_ilp_upper_bound:	69
match_ilp_runtime:	9.3e-08
mdd_ilp_solution_length:	69
mdd_ilp_upper_bound:	69
mdd_ilp_runtime:	4.1e-08
solution:	[226, 105, 7, 216, 236, 241, 170, 28, 89, 203, 42, 219, 24, 117, 115, 67, 62, 98, 253, 86, 6, 148, 141, 144, 22, 171, 80, 235, 214, 238, 55, 154, 205, 74, 20, 112, 47, 212, 174, 49, 104, 185, 229, 87, 96, 188, 136, 211, 65, 168, 51, 23, 166, 18, 76, 172, 230, 53, 25, 199, 45, 131, 192, 191, 83, 181, 240, 78, 91, ]
