solved:	true
solution_length:	105
upper_bound:	105
solution_runtime:	3.52111
heuristic_solution_length:	105
heuristic_solution_runtime:	0.0724203
heuristic_runtime:	1.74403
solving_forward:	true
reduction_is_complete:	true
reduction_quality:	1
reduction_upper_bound:	105
reduction_runtime:	1.77708
mdd_memory_consumption:	91864
main_process_memory_consumption:	0
match_ilp_solution_length:	105
match_ilp_upper_bound:	105
match_ilp_runtime:	5.61e-07
mdd_ilp_solution_length:	105
mdd_ilp_upper_bound:	105
mdd_ilp_runtime:	5.8e-08
solution:	[131, 55, 90, 115, 236, 237, 44, 220, 204, 251, 137, 30, 134, 239, 38, 211, 173, 24, 166, 32, 110, 94, 178, 53, 149, 11, 135, 156, 83, 23, 233, 217, 242, 148, 120, 88, 97, 238, 165, 163, 45, 104, 52, 187, 133, 138, 106, 170, 196, 157, 42, 172, 61, 208, 248, 78, 150, 147, 181, 50, 28, 56, 60, 86, 176, 177, 69, 201, 107, 127, 111, 92, 122, 228, 54, 39, 43, 59, 229, 91, 7, 167, 12, 188, 184, 74, 153, 119, 240, 73, 232, 191, 13, 0, 247, 164, 34, 118, 199, 77, 151, 89, 193, 158, 2, ]
