solved:	true
solution_length:	112
upper_bound:	112
solution_runtime:	6.7026
heuristic_solution_length:	112
heuristic_solution_runtime:	0.104636
heuristic_runtime:	2.58683
solving_forward:	true
reduction_is_complete:	true
reduction_quality:	1
reduction_upper_bound:	112
reduction_runtime:	4.11577
mdd_memory_consumption:	126836
main_process_memory_consumption:	0
match_ilp_solution_length:	112
match_ilp_upper_bound:	112
match_ilp_runtime:	2.48e-07
mdd_ilp_solution_length:	112
mdd_ilp_upper_bound:	112
mdd_ilp_runtime:	5.9e-08
solution:	[170, 169, 15, 212, 91, 123, 96, 124, 6, 148, 190, 229, 204, 248, 84, 113, 149, 178, 122, 199, 14, 166, 23, 38, 141, 102, 185, 43, 249, 237, 193, 52, 111, 137, 154, 55, 238, 24, 13, 201, 206, 116, 171, 10, 49, 97, 101, 11, 66, 86, 221, 112, 60, 12, 179, 104, 72, 103, 117, 75, 142, 40, 53, 42, 61, 159, 19, 230, 35, 223, 216, 127, 207, 69, 218, 80, 59, 210, 146, 151, 89, 224, 182, 17, 139, 18, 27, 181, 81, 39, 222, 128, 138, 164, 147, 215, 76, 168, 187, 95, 203, 155, 32, 160, 228, 219, 157, 225, 58, 217, 5, 21, ]
