solved:	true
solution_length:	52
upper_bound:	52
solution_runtime:	0.0356179
heuristic_solution_length:	52
heuristic_solution_runtime:	0.0136576
heuristic_runtime:	0.0343698
solving_forward:	true
reduction_is_complete:	true
reduction_quality:	1
reduction_upper_bound:	52
reduction_runtime:	0.00124794
mdd_memory_consumption:	0
main_process_memory_consumption:	0
match_ilp_solution_length:	52
match_ilp_upper_bound:	52
match_ilp_runtime:	1.08e-07
mdd_ilp_solution_length:	52
mdd_ilp_upper_bound:	52
mdd_ilp_runtime:	3.5e-08
solution:	[134, 188, 215, 36, 233, 59, 17, 207, 199, 43, 181, 155, 9, 241, 112, 66, 167, 65, 161, 203, 96, 2, 151, 197, 173, 63, 220, 23, 137, 61, 178, 37, 145, 136, 39, 38, 144, 249, 97, 192, 117, 105, 158, 119, 163, 236, 71, 238, 227, 27, 248, 76, ]
