solved:	true
solution_length:	84
upper_bound:	84
solution_runtime:	0.321872
heuristic_solution_length:	84
heuristic_solution_runtime:	0.0361033
heuristic_runtime:	0.282207
solving_forward:	false
reduction_is_complete:	true
reduction_quality:	1
reduction_upper_bound:	84
reduction_runtime:	0.039665
mdd_memory_consumption:	0
main_process_memory_consumption:	0
match_ilp_solution_length:	84
match_ilp_upper_bound:	84
match_ilp_runtime:	1.01e-07
mdd_ilp_solution_length:	84
mdd_ilp_upper_bound:	84
mdd_ilp_runtime:	4.1e-08
solution:	[211, 25, 20, 238, 143, 199, 21, 236, 3, 205, 139, 138, 36, 191, 218, 214, 153, 231, 220, 82, 190, 135, 2, 254, 88, 76, 172, 93, 186, 234, 159, 99, 182, 242, 109, 56, 59, 113, 160, 221, 133, 161, 164, 251, 208, 129, 150, 148, 201, 7, 84, 87, 85, 23, 122, 227, 98, 233, 203, 22, 128, 175, 108, 78, 115, 169, 207, 11, 223, 210, 50, 140, 230, 39, 166, 71, 156, 225, 75, 1, 112, 80, 29, 178, ]
