solved:	true
solution_length:	53
upper_bound:	53
solution_runtime:	0.0337794
heuristic_solution_length:	53
heuristic_solution_runtime:	0.0151034
heuristic_runtime:	0.032585
solving_forward:	true
reduction_is_complete:	true
reduction_quality:	1
reduction_upper_bound:	53
reduction_runtime:	0.00119424
mdd_memory_consumption:	0
main_process_memory_consumption:	0
match_ilp_solution_length:	53
match_ilp_upper_bound:	53
match_ilp_runtime:	1.04e-07
mdd_ilp_solution_length:	53
mdd_ilp_upper_bound:	53
mdd_ilp_runtime:	4.5e-08
solution:	[214, 190, 245, 156, 72, 158, 104, 146, 177, 238, 239, 82, 173, 199, 85, 56, 142, 148, 11, 19, 140, 154, 131, 184, 54, 135, 196, 81, 61, 7, 202, 134, 60, 71, 191, 38, 93, 12, 174, 122, 116, 51, 79, 216, 5, 83, 155, 8, 198, 94, 107, 153, 183, ]
