solved:	true
solution_length:	110
upper_bound:	110
solution_runtime:	5.68291
heuristic_solution_length:	110
heuristic_solution_runtime:	0.113853
heuristic_runtime:	2.66024
solving_forward:	true
reduction_is_complete:	true
reduction_quality:	1
reduction_upper_bound:	110
reduction_runtime:	3.02267
mdd_memory_consumption:	107672
main_process_memory_consumption:	0
match_ilp_solution_length:	110
match_ilp_upper_bound:	110
match_ilp_runtime:	3.7e-07
mdd_ilp_solution_length:	110
mdd_ilp_upper_bound:	110
mdd_ilp_runtime:	5.5e-08
solution:	[115, 27, 207, 225, 196, 74, 114, 129, 47, 228, 107, 43, 227, 209, 146, 98, 119, 212, 41, 219, 190, 8, 155, 195, 194, 175, 180, 222, 223, 213, 5, 147, 163, 65, 109, 151, 118, 203, 73, 26, 178, 3, 140, 86, 164, 134, 160, 177, 238, 19, 171, 246, 128, 229, 244, 145, 64, 126, 62, 127, 205, 90, 59, 6, 201, 2, 135, 217, 49, 28, 40, 101, 50, 91, 192, 104, 174, 165, 87, 236, 125, 200, 179, 231, 112, 17, 247, 15, 102, 235, 133, 105, 30, 198, 51, 111, 215, 46, 152, 58, 94, 220, 108, 255, 95, 63, 173, 137, 206, 72, ]
