solved:	true
solution_length:	57
upper_bound:	57
solution_runtime:	0.0143904
heuristic_solution_length:	57
heuristic_solution_runtime:	0.0139893
heuristic_runtime:	0.0143676
solving_forward:	true
reduction_is_complete:	true
reduction_quality:	1
reduction_upper_bound:	57
reduction_runtime:	2.2721e-05
mdd_memory_consumption:	0
main_process_memory_consumption:	0
match_ilp_solution_length:	57
match_ilp_upper_bound:	57
match_ilp_runtime:	1.28e-07
mdd_ilp_solution_length:	57
mdd_ilp_upper_bound:	57
mdd_ilp_runtime:	5.4e-08
solution:	[220, 245, 56, 120, 95, 197, 180, 14, 54, 238, 104, 59, 39, 240, 174, 130, 3, 211, 126, 173, 165, 169, 96, 4, 121, 253, 86, 221, 124, 10, 45, 75, 143, 222, 43, 225, 176, 64, 17, 9, 66, 230, 113, 166, 200, 52, 167, 40, 237, 87, 255, 186, 129, 250, 128, 46, 67, ]
