solved:	true
solution_length:	114
upper_bound:	114
solution_runtime:	5.92766
heuristic_solution_length:	114
heuristic_solution_runtime:	0.211949
heuristic_runtime:	2.99324
solving_forward:	false
reduction_is_complete:	true
reduction_quality:	1
reduction_upper_bound:	114
reduction_runtime:	2.93442
mdd_memory_consumption:	106696
main_process_memory_consumption:	0
match_ilp_solution_length:	114
match_ilp_upper_bound:	114
match_ilp_runtime:	1.69e-07
mdd_ilp_solution_length:	114
mdd_ilp_upper_bound:	114
mdd_ilp_runtime:	5.9e-08
solution:	[130, 57, 60, 44, 231, 243, 202, 87, 36, 228, 129, 137, 218, 2, 100, 180, 11, 4, 62, 247, 101, 139, 232, 236, 239, 31, 144, 251, 154, 63, 189, 254, 111, 147, 204, 27, 58, 255, 30, 205, 182, 160, 53, 39, 191, 163, 71, 17, 88, 35, 98, 169, 212, 59, 153, 91, 26, 96, 13, 221, 210, 102, 47, 12, 7, 94, 68, 176, 6, 80, 14, 132, 138, 215, 234, 103, 206, 125, 83, 186, 20, 196, 74, 3, 179, 157, 198, 93, 208, 238, 99, 120, 245, 164, 114, 133, 235, 152, 18, 82, 185, 56, 222, 241, 178, 77, 159, 173, 203, 89, 126, 76, 112, 224, ]
