solved:	true
solution_length:	67
upper_bound:	67
solution_runtime:	0.0650229
heuristic_solution_length:	67
heuristic_solution_runtime:	0.0208571
heuristic_runtime:	0.0619516
solving_forward:	true
reduction_is_complete:	true
reduction_quality:	1
reduction_upper_bound:	67
reduction_runtime:	0.00307118
mdd_memory_consumption:	0
main_process_memory_consumption:	0
match_ilp_solution_length:	67
match_ilp_upper_bound:	67
match_ilp_runtime:	9.5e-08
mdd_ilp_solution_length:	67
mdd_ilp_upper_bound:	67
mdd_ilp_runtime:	4.1e-08
solution:	[250, 19, 23, 222, 96, 59, 149, 227, 245, 229, 42, 15, 164, 240, 89, 220, 54, 72, 192, 121, 128, 188, 177, 186, 67, 246, 242, 159, 35, 25, 136, 156, 236, 61, 129, 244, 31, 119, 75, 52, 163, 203, 27, 79, 105, 195, 193, 103, 26, 225, 94, 85, 166, 201, 28, 45, 247, 47, 51, 112, 118, 210, 162, 22, 3, 202, 221, ]
