solved:	true
solution_length:	102
upper_bound:	102
solution_runtime:	2.65577
heuristic_solution_length:	102
heuristic_solution_runtime:	0.10871
heuristic_runtime:	1.47673
solving_forward:	true
reduction_is_complete:	true
reduction_quality:	1
reduction_upper_bound:	102
reduction_runtime:	1.17904
mdd_memory_consumption:	84432
main_process_memory_consumption:	0
match_ilp_solution_length:	102
match_ilp_upper_bound:	102
match_ilp_runtime:	1.6e-07
mdd_ilp_solution_length:	102
mdd_ilp_upper_bound:	102
mdd_ilp_runtime:	5.6e-08
solution:	[143, 122, 19, 238, 59, 42, 13, 6, 66, 26, 32, 89, 230, 116, 147, 232, 128, 229, 33, 3, 57, 150, 149, 157, 121, 106, 181, 50, 126, 91, 25, 56, 8, 82, 112, 105, 166, 142, 125, 21, 179, 43, 81, 22, 53, 110, 162, 196, 94, 217, 253, 41, 213, 156, 243, 31, 20, 247, 240, 203, 77, 165, 144, 170, 204, 61, 47, 36, 187, 167, 205, 98, 117, 249, 103, 93, 202, 45, 2, 30, 83, 39, 159, 107, 97, 173, 172, 71, 189, 75, 183, 244, 188, 227, 199, 223, 55, 151, 239, 130, 115, 210, ]
