solved:	true
solution_length:	68
upper_bound:	68
solution_runtime:	0.0637545
heuristic_solution_length:	68
heuristic_solution_runtime:	0.020545
heuristic_runtime:	0.0594772
solving_forward:	true
reduction_is_complete:	true
reduction_quality:	1
reduction_upper_bound:	68
reduction_runtime:	0.00427725
mdd_memory_consumption:	0
main_process_memory_consumption:	0
match_ilp_solution_length:	68
match_ilp_upper_bound:	68
match_ilp_runtime:	1.06e-07
mdd_ilp_solution_length:	68
mdd_ilp_upper_bound:	68
mdd_ilp_runtime:	4.1e-08
solution:	[31, 76, 65, 191, 30, 193, 128, 222, 29, 17, 142, 196, 202, 136, 225, 113, 52, 111, 141, 123, 88, 63, 102, 115, 187, 214, 104, 43, 58, 180, 96, 79, 112, 74, 213, 49, 122, 116, 125, 69, 255, 45, 217, 32, 148, 132, 64, 176, 188, 127, 159, 4, 23, 110, 13, 237, 153, 138, 94, 150, 199, 248, 152, 247, 197, 78, 223, 162, ]
