solved:	true
solution_length:	96
upper_bound:	96
solution_runtime:	0.409427
heuristic_solution_length:	96
heuristic_solution_runtime:	0.0438919
heuristic_runtime:	0.321123
solving_forward:	false
reduction_is_complete:	true
reduction_quality:	1
reduction_upper_bound:	96
reduction_runtime:	0.0883035
mdd_memory_consumption:	66340
main_process_memory_consumption:	0
match_ilp_solution_length:	96
match_ilp_upper_bound:	96
match_ilp_runtime:	1.01e-07
mdd_ilp_solution_length:	96
mdd_ilp_upper_bound:	96
mdd_ilp_runtime:	6.2e-08
solution:	[71, 224, 159, 165, 206, 72, 226, 49, 91, 194, 198, 203, 209, 110, 2, 40, 67, 210, 129, 23, 189, 219, 132, 50, 57, 41, 202, 145, 14, 59, 140, 233, 220, 130, 47, 193, 218, 10, 61, 249, 186, 112, 128, 247, 62, 51, 82, 153, 6, 215, 102, 183, 195, 38, 101, 88, 100, 22, 15, 151, 252, 152, 217, 58, 75, 79, 35, 29, 242, 154, 70, 64, 149, 0, 80, 168, 1, 66, 48, 69, 45, 60, 107, 109, 95, 234, 156, 3, 230, 98, 221, 205, 196, 127, 121, 207, ]
