solved:	true
solution_length:	101
upper_bound:	101
solution_runtime:	3.29208
heuristic_solution_length:	101
heuristic_solution_runtime:	0.0626309
heuristic_runtime:	1.49932
solving_forward:	true
reduction_is_complete:	true
reduction_quality:	1
reduction_upper_bound:	101
reduction_runtime:	1.79276
mdd_memory_consumption:	95540
main_process_memory_consumption:	0
match_ilp_solution_length:	101
match_ilp_upper_bound:	101
match_ilp_runtime:	2.55e-07
mdd_ilp_solution_length:	101
mdd_ilp_upper_bound:	101
mdd_ilp_runtime:	5.7e-08
solution:	[117, 204, 236, 23, 168, 162, 86, 16, 35, 222, 115, 59, 138, 253, 124, 243, 153, 17, 209, 71, 251, 203, 154, 65, 72, 10, 180, 230, 192, 150, 79, 47, 136, 241, 189, 233, 172, 199, 216, 254, 34, 226, 73, 113, 14, 1, 116, 0, 88, 193, 101, 177, 175, 76, 7, 145, 3, 11, 155, 156, 211, 123, 135, 6, 147, 60, 93, 54, 206, 122, 137, 228, 84, 158, 32, 255, 66, 112, 166, 111, 56, 85, 43, 125, 96, 36, 187, 161, 95, 202, 77, 100, 252, 38, 217, 165, 167, 214, 244, 40, 174, ]
