solved:	true
solution_length:	111
upper_bound:	111
solution_runtime:	5.62119
heuristic_solution_length:	111
heuristic_solution_runtime:	0.0788252
heuristic_runtime:	2.40979
solving_forward:	false
reduction_is_complete:	true
reduction_quality:	1
reduction_upper_bound:	111
reduction_runtime:	3.21139
mdd_memory_consumption:	110500
main_process_memory_consumption:	0
match_ilp_solution_length:	111
match_ilp_upper_bound:	111
match_ilp_runtime:	2.7e-07
mdd_ilp_solution_length:	111
mdd_ilp_upper_bound:	111
mdd_ilp_runtime:	5.5e-08
solution:	[214, 66, 26, 124, 52, 206, 122, 34, 42, 247, 212, 159, 248, 19, 78, 172, 91, 7, 1, 249, 45, 174, 112, 134, 162, 158, 149, 250, 103, 237, 165, 243, 65, 153, 3, 169, 47, 177, 55, 36, 255, 224, 211, 167, 32, 100, 99, 61, 131, 113, 114, 24, 217, 140, 143, 46, 227, 178, 25, 230, 10, 68, 133, 220, 209, 104, 164, 201, 163, 199, 5, 132, 129, 57, 145, 219, 86, 81, 63, 90, 179, 80, 194, 64, 29, 238, 138, 252, 182, 20, 37, 226, 56, 43, 130, 9, 240, 233, 48, 115, 204, 71, 202, 23, 84, 222, 98, 27, 4, 89, 241, ]
