solved:	true
solution_length:	99
upper_bound:	99
solution_runtime:	1.68087
heuristic_solution_length:	99
heuristic_solution_runtime:	0.121426
heuristic_runtime:	0.963544
solving_forward:	false
reduction_is_complete:	true
reduction_quality:	1
reduction_upper_bound:	99
reduction_runtime:	0.71733
mdd_memory_consumption:	77744
main_process_memory_consumption:	0
match_ilp_solution_length:	99
match_ilp_upper_bound:	99
match_ilp_runtime:	1.54e-07
mdd_ilp_solution_length:	99
mdd_ilp_upper_bound:	99
mdd_ilp_runtime:	5.6e-08
solution:	[18, 49, 99, 252, 22, 47, 1, 237, 143, 251, 17, 38, 123, 74, 129, 150, 164, 121, 43, 89, 183, 115, 93, 231, 156, 253, 98, 171, 168, 14, 202, 107, 200, 51, 75, 213, 174, 190, 247, 188, 250, 152, 217, 109, 113, 155, 41, 53, 128, 208, 234, 160, 189, 28, 11, 178, 192, 82, 235, 35, 15, 64, 173, 88, 30, 151, 124, 45, 76, 39, 44, 101, 176, 222, 116, 3, 83, 133, 77, 195, 90, 111, 209, 37, 142, 135, 141, 104, 227, 57, 97, 254, 4, 25, 181, 2, 70, 197, 138, ]
