solved:	true
solution_length:	76
upper_bound:	76
solution_runtime:	0.205994
heuristic_solution_length:	76
heuristic_solution_runtime:	0.0351152
heuristic_runtime:	0.172657
solving_forward:	true
reduction_is_complete:	true
reduction_quality:	1
reduction_upper_bound:	76
reduction_runtime:	0.0333368
mdd_memory_consumption:	0
main_process_memory_consumption:	0
match_ilp_solution_length:	76
match_ilp_upper_bound:	76
match_ilp_runtime:	9e-08
mdd_ilp_solution_length:	76
mdd_ilp_upper_bound:	76
mdd_ilp_runtime:	4.1e-08
solution:	[6, 185, 96, 117, 56, 32, 239, 41, 47, 43, 119, 15, 143, 108, 73, 29, 40, 125, 165, 135, 221, 121, 98, 95, 7, 137, 213, 35, 205, 195, 131, 51, 144, 128, 86, 70, 133, 123, 237, 80, 179, 212, 147, 253, 72, 199, 255, 225, 36, 151, 107, 82, 170, 97, 192, 28, 74, 181, 38, 203, 152, 235, 127, 44, 94, 241, 232, 233, 65, 62, 200, 240, 136, 154, 141, 101, ]
