solved:	true
solution_length:	69
upper_bound:	69
solution_runtime:	0.0541572
heuristic_solution_length:	69
heuristic_solution_runtime:	0.0214894
heuristic_runtime:	0.0526019
solving_forward:	true
reduction_is_complete:	true
reduction_quality:	1
reduction_upper_bound:	69
reduction_runtime:	0.00155523
mdd_memory_consumption:	0
main_process_memory_consumption:	0
match_ilp_solution_length:	69
match_ilp_upper_bound:	69
match_ilp_runtime:	9.8e-08
mdd_ilp_solution_length:	69
mdd_ilp_upper_bound:	69
mdd_ilp_runtime:	4.1e-08
solution:	[252, 162, 7, 185, 202, 97, 169, 173, 231, 104, 192, 211, 208, 132, 186, 233, 60, 128, 250, 133, 219, 94, 240, 136, 230, 119, 155, 131, 26, 181, 135, 43, 25, 249, 98, 55, 164, 64, 158, 199, 177, 48, 85, 214, 24, 3, 241, 130, 77, 224, 239, 9, 124, 14, 51, 179, 176, 11, 165, 16, 212, 222, 109, 226, 96, 237, 228, 235, 134, ]
