solved:	true
solution_length:	58
upper_bound:	58
solution_runtime:	0.027806
heuristic_solution_length:	58
heuristic_solution_runtime:	0.0141603
heuristic_runtime:	0.0272934
solving_forward:	true
reduction_is_complete:	true
reduction_quality:	1
reduction_upper_bound:	58
reduction_runtime:	0.000512497
mdd_memory_consumption:	0
main_process_memory_consumption:	0
match_ilp_solution_length:	58
match_ilp_upper_bound:	58
match_ilp_runtime:	1.09e-07
mdd_ilp_solution_length:	58
mdd_ilp_upper_bound:	58
mdd_ilp_runtime:	4.7e-08
solution:	[114, 5, 36, 117, 198, 89, 234, 102, 231, 145, 95, 222, 125, 227, 165, 201, 144, 146, 32, 99, 182, 172, 178, 101, 141, 74, 29, 126, 202, 25, 151, 196, 124, 27, 214, 223, 122, 39, 24, 216, 246, 70, 21, 192, 108, 121, 81, 162, 123, 72, 116, 148, 112, 161, 209, 130, 169, 67, ]
