solved:	true
solution_length:	81
upper_bound:	81
solution_runtime:	0.319123
heuristic_solution_length:	81
heuristic_solution_runtime:	0.0391477
heuristic_runtime:	0.280659
solving_forward:	false
reduction_is_complete:	true
reduction_quality:	1
reduction_upper_bound:	81
reduction_runtime:	0.0384636
mdd_memory_consumption:	0
main_process_memory_consumption:	0
match_ilp_solution_length:	81
match_ilp_upper_bound:	81
match_ilp_runtime:	1.31e-07
mdd_ilp_solution_length:	81
mdd_ilp_upper_bound:	81
mdd_ilp_runtime:	4.3e-08
solution:	[6, 65, 209, 78, 123, 106, 87, 76, 4, 112, 69, 68, 251, 157, 89, 91, 94, 105, 71, 241, 8, 11, 135, 214, 23, 120, 35, 10, 231, 235, 43, 248, 90, 5, 232, 174, 42, 219, 145, 24, 41, 20, 55, 213, 189, 45, 93, 140, 34, 222, 85, 159, 134, 237, 58, 153, 56, 143, 142, 183, 129, 122, 133, 107, 113, 64, 187, 1, 53, 40, 164, 79, 240, 161, 7, 30, 233, 115, 180, 238, 96, ]
