solved:	true
solution_length:	51
upper_bound:	51
solution_runtime:	0.0304405
heuristic_solution_length:	51
heuristic_solution_runtime:	0.0115004
heuristic_runtime:	0.0294699
solving_forward:	true
reduction_is_complete:	true
reduction_quality:	1
reduction_upper_bound:	51
reduction_runtime:	0.000970509
mdd_memory_consumption:	0
main_process_memory_consumption:	0
match_ilp_solution_length:	51
match_ilp_upper_bound:	51
match_ilp_runtime:	1.1e-07
mdd_ilp_solution_length:	51
mdd_ilp_upper_bound:	51
mdd_ilp_runtime:	3.5e-08
solution:	[142, 15, 4, 171, 105, 184, 16, 5, 58, 201, 163, 77, 59, 75, 156, 170, 220, 79, 74, 38, 131, 150, 116, 158, 19, 219, 90, 71, 103, 72, 20, 48, 177, 44, 232, 89, 234, 94, 169, 227, 115, 236, 117, 175, 174, 119, 26, 134, 78, 81, 88, ]
