solved:	true
solution_length:	93
upper_bound:	93
solution_runtime:	0.692689
heuristic_solution_length:	93
heuristic_solution_runtime:	0.0479421
heuristic_runtime:	0.585416
solving_forward:	false
reduction_is_complete:	true
reduction_quality:	1
reduction_upper_bound:	93
reduction_runtime:	0.107273
mdd_memory_consumption:	0
main_process_memory_consumption:	0
match_ilp_solution_length:	93
match_ilp_upper_bound:	93
match_ilp_runtime:	1.25e-07
mdd_ilp_solution_length:	93
mdd_ilp_upper_bound:	93
mdd_ilp_runtime:	4.1e-08
solution:	[240, 207, 48, 203, 74, 252, 171, 60, 202, 93, 106, 116, 150, 174, 226, 114, 128, 173, 69, 94, 153, 152, 185, 6, 80, 138, 147, 205, 73, 67, 36, 209, 224, 100, 0, 254, 163, 117, 239, 53, 81, 99, 10, 2, 109, 35, 7, 63, 12, 49, 24, 13, 119, 159, 212, 9, 104, 133, 59, 160, 248, 46, 193, 238, 190, 223, 52, 62, 102, 126, 177, 233, 44, 127, 42, 110, 250, 161, 51, 199, 78, 129, 17, 34, 30, 3, 103, 19, 155, 220, 16, 246, 124, ]
