solved:	true
solution_length:	107
upper_bound:	107
solution_runtime:	7.55498
heuristic_solution_length:	107
heuristic_solution_runtime:	1.20244
heuristic_runtime:	4.09636
solving_forward:	false
reduction_is_complete:	true
reduction_quality:	1
reduction_upper_bound:	107
reduction_runtime:	3.45862
mdd_memory_consumption:	113452
main_process_memory_consumption:	0
match_ilp_solution_length:	107
match_ilp_upper_bound:	107
match_ilp_runtime:	1.53e-07
mdd_ilp_solution_length:	107
mdd_ilp_upper_bound:	107
mdd_ilp_runtime:	5.6e-08
solution:	[203, 243, 239, 227, 109, 201, 55, 156, 196, 131, 89, 195, 42, 189, 133, 104, 121, 81, 199, 157, 39, 253, 213, 245, 8, 207, 29, 236, 21, 136, 217, 176, 95, 98, 68, 142, 2, 105, 241, 137, 27, 99, 148, 206, 124, 165, 13, 113, 118, 185, 143, 174, 127, 116, 152, 30, 62, 94, 247, 151, 86, 178, 85, 219, 191, 169, 77, 102, 6, 141, 110, 254, 91, 79, 123, 106, 233, 182, 65, 240, 204, 24, 14, 251, 58, 41, 90, 44, 36, 47, 187, 183, 226, 3, 112, 166, 25, 145, 115, 80, 139, 208, 61, 210, 140, 31, 59, ]
