solved:	true
solution_length:	107
upper_bound:	107
solution_runtime:	3.80745
heuristic_solution_length:	107
heuristic_solution_runtime:	0.106048
heuristic_runtime:	1.8056
solving_forward:	false
reduction_is_complete:	true
reduction_quality:	1
reduction_upper_bound:	107
reduction_runtime:	2.00184
mdd_memory_consumption:	94452
main_process_memory_consumption:	0
match_ilp_solution_length:	107
match_ilp_upper_bound:	107
match_ilp_runtime:	2.69e-07
mdd_ilp_solution_length:	107
mdd_ilp_upper_bound:	107
mdd_ilp_runtime:	5.6e-08
solution:	[137, 221, 232, 196, 107, 56, 76, 40, 92, 181, 51, 166, 175, 23, 108, 72, 194, 235, 95, 82, 86, 190, 209, 106, 138, 115, 187, 54, 145, 124, 1, 26, 203, 94, 130, 2, 125, 79, 213, 172, 102, 134, 122, 74, 24, 244, 29, 11, 70, 246, 225, 204, 41, 12, 57, 5, 165, 61, 111, 7, 186, 218, 144, 183, 0, 20, 113, 100, 42, 154, 131, 110, 8, 254, 192, 73, 176, 207, 198, 43, 238, 178, 120, 21, 185, 126, 38, 140, 129, 236, 123, 206, 199, 214, 65, 189, 223, 233, 173, 212, 112, 249, 191, 84, 4, 83, 91, ]
