solved:	true
solution_length:	90
upper_bound:	90
solution_runtime:	1.29652
heuristic_solution_length:	90
heuristic_solution_runtime:	0.041065
heuristic_runtime:	0.852071
solving_forward:	true
reduction_is_complete:	true
reduction_quality:	1
reduction_upper_bound:	90
reduction_runtime:	0.444453
mdd_memory_consumption:	71428
main_process_memory_consumption:	0
match_ilp_solution_length:	90
match_ilp_upper_bound:	90
match_ilp_runtime:	2.45e-07
mdd_ilp_solution_length:	90
mdd_ilp_upper_bound:	90
mdd_ilp_runtime:	6.4e-08
solution:	[167, 8, 229, 209, 177, 166, 30, 144, 178, 102, 33, 152, 3, 73, 126, 188, 206, 207, 62, 203, 28, 180, 69, 245, 228, 186, 128, 88, 254, 247, 66, 11, 220, 255, 149, 25, 40, 244, 162, 248, 13, 196, 129, 19, 172, 191, 182, 68, 253, 24, 226, 64, 49, 6, 61, 204, 59, 39, 47, 131, 67, 163, 139, 115, 137, 31, 17, 43, 211, 52, 94, 108, 51, 195, 20, 4, 171, 125, 105, 87, 193, 119, 239, 65, 124, 173, 151, 21, 55, 10, ]
