solved:	true
solution_length:	116
upper_bound:	116
solution_runtime:	15.4536
heuristic_solution_length:	116
heuristic_solution_runtime:	0.176532
heuristic_runtime:	2.91723
solving_forward:	true
reduction_is_complete:	true
reduction_quality:	1
reduction_upper_bound:	116
reduction_runtime:	12.5363
mdd_memory_consumption:	306256
main_process_memory_consumption:	0
match_ilp_solution_length:	116
match_ilp_upper_bound:	116
match_ilp_runtime:	2.7e-07
mdd_ilp_solution_length:	116
mdd_ilp_upper_bound:	116
mdd_ilp_runtime:	5.6e-08
solution:	[108, 128, 159, 29, 56, 76, 225, 147, 5, 144, 219, 2, 120, 181, 83, 251, 122, 59, 78, 109, 146, 185, 81, 53, 239, 188, 177, 210, 71, 163, 102, 52, 213, 141, 241, 230, 48, 172, 229, 62, 175, 195, 20, 23, 9, 199, 68, 45, 117, 158, 223, 138, 232, 6, 19, 234, 224, 42, 130, 186, 123, 187, 118, 79, 249, 33, 87, 135, 254, 198, 50, 77, 134, 154, 201, 90, 97, 166, 189, 236, 197, 242, 124, 129, 162, 170, 190, 38, 246, 133, 64, 165, 168, 44, 96, 169, 233, 69, 211, 37, 136, 98, 110, 145, 238, 3, 171, 51, 132, 119, 217, 173, 131, 11, 28, 82, ]
