solved:	true
solution_length:	100
upper_bound:	100
solution_runtime:	3.65353
heuristic_solution_length:	100
heuristic_solution_runtime:	0.0625961
heuristic_runtime:	1.7422
solving_forward:	true
reduction_is_complete:	true
reduction_quality:	1
reduction_upper_bound:	100
reduction_runtime:	1.91133
mdd_memory_consumption:	94456
main_process_memory_consumption:	0
match_ilp_solution_length:	100
match_ilp_upper_bound:	100
match_ilp_runtime:	1.89e-07
mdd_ilp_solution_length:	100
mdd_ilp_upper_bound:	100
mdd_ilp_runtime:	6.6e-08
solution:	[62, 134, 71, 120, 13, 0, 32, 170, 116, 89, 49, 46, 70, 178, 152, 214, 30, 233, 169, 129, 180, 90, 64, 16, 125, 39, 156, 31, 229, 143, 183, 177, 76, 205, 77, 189, 54, 254, 72, 196, 145, 227, 155, 168, 201, 154, 82, 102, 121, 98, 104, 138, 139, 159, 51, 92, 226, 43, 162, 132, 141, 79, 176, 56, 58, 175, 66, 207, 218, 25, 115, 117, 249, 128, 113, 91, 221, 85, 151, 74, 167, 250, 69, 73, 119, 228, 48, 75, 171, 222, 199, 251, 87, 107, 15, 86, 63, 68, 206, 96, ]
