solved:	true
solution_length:	54
upper_bound:	54
solution_runtime:	0.0146824
heuristic_solution_length:	54
heuristic_solution_runtime:	0.0146479
heuristic_runtime:	0.0146794
solving_forward:	true
reduction_is_complete:	true
reduction_quality:	1
reduction_upper_bound:	54
reduction_runtime:	2.865e-06
mdd_memory_consumption:	0
main_process_memory_consumption:	0
match_ilp_solution_length:	54
match_ilp_upper_bound:	54
match_ilp_runtime:	1.3e-07
mdd_ilp_solution_length:	54
mdd_ilp_upper_bound:	54
mdd_ilp_runtime:	5.4e-08
solution:	[244, 184, 55, 58, 196, 15, 186, 67, 225, 127, 175, 105, 61, 60, 253, 245, 135, 38, 206, 41, 198, 74, 104, 154, 32, 92, 224, 194, 19, 21, 94, 126, 157, 27, 89, 87, 106, 246, 163, 6, 1, 68, 79, 234, 84, 18, 14, 91, 119, 249, 172, 158, 82, 200, ]
