solved:	true
solution_length:	92
upper_bound:	92
solution_runtime:	1.9639
heuristic_solution_length:	92
heuristic_solution_runtime:	0.0572691
heuristic_runtime:	1.03716
solving_forward:	false
reduction_is_complete:	true
reduction_quality:	1
reduction_upper_bound:	92
reduction_runtime:	0.926743
mdd_memory_consumption:	79600
main_process_memory_consumption:	0
match_ilp_solution_length:	92
match_ilp_upper_bound:	92
match_ilp_runtime:	2.61e-07
mdd_ilp_solution_length:	92
mdd_ilp_upper_bound:	92
mdd_ilp_runtime:	5.5e-08
solution:	[140, 145, 53, 3, 11, 2, 158, 21, 91, 213, 164, 163, 22, 17, 241, 137, 6, 96, 112, 126, 235, 7, 61, 57, 107, 201, 55, 195, 130, 113, 229, 249, 177, 244, 88, 104, 50, 110, 16, 47, 128, 208, 95, 216, 154, 103, 144, 33, 69, 79, 152, 169, 175, 40, 43, 200, 81, 223, 51, 120, 56, 205, 215, 161, 166, 248, 45, 211, 114, 41, 250, 102, 160, 251, 254, 203, 35, 172, 156, 239, 93, 4, 197, 115, 222, 117, 20, 84, 182, 0, 105, 253, ]
