solved:	true
solution_length:	69
upper_bound:	69
solution_runtime:	0.0823888
heuristic_solution_length:	69
heuristic_solution_runtime:	0.0214275
heuristic_runtime:	0.0773008
solving_forward:	true
reduction_is_complete:	true
reduction_quality:	1
reduction_upper_bound:	69
reduction_runtime:	0.00508784
mdd_memory_consumption:	0
main_process_memory_consumption:	0
match_ilp_solution_length:	69
match_ilp_upper_bound:	69
match_ilp_runtime:	1.34e-07
mdd_ilp_solution_length:	69
mdd_ilp_upper_bound:	69
mdd_ilp_runtime:	4.4e-08
solution:	[40, 225, 107, 1, 59, 154, 160, 131, 95, 94, 27, 51, 183, 74, 190, 48, 242, 38, 21, 8, 128, 222, 176, 207, 52, 86, 122, 75, 97, 147, 163, 191, 166, 208, 231, 216, 26, 32, 188, 103, 155, 127, 17, 44, 6, 98, 181, 110, 115, 58, 36, 243, 117, 223, 195, 43, 99, 184, 68, 213, 53, 96, 145, 199, 209, 251, 201, 34, 70, ]
