solved:	true
solution_length:	76
upper_bound:	76
solution_runtime:	0.0689257
heuristic_solution_length:	76
heuristic_solution_runtime:	0.0290084
heuristic_runtime:	0.0678266
solving_forward:	true
reduction_is_complete:	true
reduction_quality:	1
reduction_upper_bound:	76
reduction_runtime:	0.00109901
mdd_memory_consumption:	0
main_process_memory_consumption:	0
match_ilp_solution_length:	76
match_ilp_upper_bound:	76
match_ilp_runtime:	9.2e-08
mdd_ilp_solution_length:	76
mdd_ilp_upper_bound:	76
mdd_ilp_runtime:	3e-08
solution:	[166, 157, 48, 191, 193, 104, 17, 69, 190, 248, 30, 117, 107, 216, 142, 174, 225, 163, 36, 116, 194, 122, 253, 27, 11, 121, 50, 52, 205, 172, 87, 188, 155, 88, 231, 15, 238, 147, 47, 177, 230, 226, 119, 213, 124, 160, 229, 219, 138, 112, 162, 32, 146, 130, 134, 45, 254, 211, 208, 26, 135, 242, 139, 223, 151, 61, 21, 74, 0, 184, 196, 202, 154, 114, 210, 97, ]
