solved:	true
solution_length:	54
upper_bound:	54
solution_runtime:	0.0141624
heuristic_solution_length:	54
heuristic_solution_runtime:	0.0137557
heuristic_runtime:	0.0141392
solving_forward:	true
reduction_is_complete:	true
reduction_quality:	1
reduction_upper_bound:	54
reduction_runtime:	2.2997e-05
mdd_memory_consumption:	0
main_process_memory_consumption:	0
match_ilp_solution_length:	54
match_ilp_upper_bound:	54
match_ilp_runtime:	1.32e-07
mdd_ilp_solution_length:	54
mdd_ilp_upper_bound:	54
mdd_ilp_runtime:	5.6e-08
solution:	[168, 82, 73, 87, 49, 137, 225, 127, 208, 134, 119, 195, 159, 34, 203, 101, 167, 235, 234, 108, 81, 236, 245, 222, 11, 46, 182, 217, 33, 115, 174, 197, 169, 95, 27, 170, 92, 99, 223, 194, 107, 100, 238, 63, 75, 201, 6, 9, 96, 80, 43, 38, 162, 183, ]
