solved:	true
solution_length:	68
upper_bound:	68
solution_runtime:	0.128003
heuristic_solution_length:	68
heuristic_solution_runtime:	0.0249838
heuristic_runtime:	0.113272
solving_forward:	false
reduction_is_complete:	true
reduction_quality:	1
reduction_upper_bound:	68
reduction_runtime:	0.0147303
mdd_memory_consumption:	0
main_process_memory_consumption:	0
match_ilp_solution_length:	68
match_ilp_upper_bound:	68
match_ilp_runtime:	1.02e-07
mdd_ilp_solution_length:	68
mdd_ilp_upper_bound:	68
mdd_ilp_runtime:	4e-08
solution:	[135, 49, 181, 212, 220, 77, 234, 0, 41, 18, 244, 132, 67, 15, 125, 32, 99, 119, 180, 45, 221, 189, 24, 82, 202, 192, 205, 36, 27, 136, 23, 120, 141, 162, 10, 72, 222, 127, 154, 211, 94, 47, 33, 40, 149, 113, 121, 89, 233, 59, 51, 206, 9, 95, 31, 43, 19, 255, 69, 178, 164, 66, 107, 223, 128, 34, 163, 140, ]
