solved:	true
solution_length:	79
upper_bound:	79
solution_runtime:	0.723324
heuristic_solution_length:	79
heuristic_solution_runtime:	0.0296592
heuristic_runtime:	0.46098
solving_forward:	true
reduction_is_complete:	true
reduction_quality:	1
reduction_upper_bound:	79
reduction_runtime:	0.262344
mdd_memory_consumption:	65896
main_process_memory_consumption:	0
match_ilp_solution_length:	79
match_ilp_upper_bound:	79
match_ilp_runtime:	2.51e-07
mdd_ilp_solution_length:	79
mdd_ilp_upper_bound:	79
mdd_ilp_runtime:	5.5e-08
solution:	[46, 170, 7, 226, 236, 47, 82, 117, 107, 184, 254, 137, 212, 241, 144, 60, 87, 29, 155, 35, 153, 124, 106, 67, 207, 108, 220, 52, 142, 121, 147, 32, 18, 99, 34, 195, 17, 90, 180, 91, 79, 43, 221, 78, 213, 173, 227, 214, 54, 114, 197, 113, 235, 84, 83, 166, 55, 225, 89, 61, 242, 25, 152, 253, 159, 128, 51, 57, 192, 19, 129, 237, 119, 26, 76, 247, 136, 11, 15, ]
