solved:	true
solution_length:	82
upper_bound:	82
solution_runtime:	0.223344
heuristic_solution_length:	82
heuristic_solution_runtime:	0.033369
heuristic_runtime:	0.19805
solving_forward:	false
reduction_is_complete:	true
reduction_quality:	1
reduction_upper_bound:	82
reduction_runtime:	0.0252941
mdd_memory_consumption:	0
main_process_memory_consumption:	0
match_ilp_solution_length:	82
match_ilp_upper_bound:	82
match_ilp_runtime:	1.43e-07
mdd_ilp_solution_length:	82
mdd_ilp_upper_bound:	82
mdd_ilp_runtime:	4.5e-08
solution:	[148, 90, 16, 48, 107, 83, 81, 102, 117, 161, 58, 104, 141, 36, 253, 78, 254, 174, 51, 5, 229, 133, 7, 246, 67, 143, 63, 233, 2, 149, 85, 112, 80, 23, 248, 42, 11, 30, 29, 228, 240, 232, 120, 96, 255, 65, 126, 204, 33, 46, 158, 98, 94, 183, 234, 44, 165, 166, 118, 76, 184, 238, 53, 173, 88, 111, 64, 109, 54, 186, 145, 223, 203, 20, 108, 21, 196, 125, 128, 188, 17, 168, ]
