solved:	true
solution_length:	107
upper_bound:	107
solution_runtime:	1.87965
heuristic_solution_length:	107
heuristic_solution_runtime:	0.0617936
heuristic_runtime:	1.26925
solving_forward:	false
reduction_is_complete:	true
reduction_quality:	1
reduction_upper_bound:	107
reduction_runtime:	0.610405
mdd_memory_consumption:	79172
main_process_memory_consumption:	0
match_ilp_solution_length:	107
match_ilp_upper_bound:	107
match_ilp_runtime:	1.01e-07
mdd_ilp_solution_length:	107
mdd_ilp_upper_bound:	107
mdd_ilp_runtime:	5.6e-08
solution:	[122, 14, 5, 166, 209, 228, 173, 213, 176, 186, 4, 171, 235, 143, 133, 65, 61, 29, 179, 243, 248, 153, 172, 89, 64, 202, 149, 130, 92, 199, 81, 98, 31, 59, 78, 124, 115, 136, 103, 13, 21, 114, 55, 217, 184, 27, 128, 41, 254, 197, 119, 40, 194, 181, 214, 120, 224, 68, 70, 212, 116, 33, 49, 79, 200, 195, 134, 220, 94, 163, 10, 23, 147, 15, 106, 86, 6, 3, 238, 1, 255, 231, 189, 121, 34, 8, 131, 170, 28, 233, 22, 180, 90, 249, 215, 252, 196, 7, 250, 241, 75, 182, 203, 188, 211, 44, 230, ]
