solved:	true
solution_length:	107
upper_bound:	107
solution_runtime:	0.300774
heuristic_solution_length:	107
heuristic_solution_runtime:	0.0724751
heuristic_runtime:	0.281296
solving_forward:	false
reduction_is_complete:	true
reduction_quality:	1
reduction_upper_bound:	107
reduction_runtime:	0.0194772
mdd_memory_consumption:	0
main_process_memory_consumption:	0
match_ilp_solution_length:	107
match_ilp_upper_bound:	107
match_ilp_runtime:	1.86e-07
mdd_ilp_solution_length:	107
mdd_ilp_upper_bound:	107
mdd_ilp_runtime:	4.1e-08
solution:	[487, 282, 225, 359, 372, 30, 13, 73, 421, 222, 295, 219, 25, 68, 283, 364, 331, 260, 201, 267, 315, 417, 11, 37, 377, 301, 118, 323, 240, 139, 244, 158, 253, 151, 189, 224, 405, 140, 416, 141, 362, 459, 93, 112, 367, 150, 436, 69, 398, 101, 349, 160, 439, 119, 491, 220, 269, 194, 311, 449, 48, 415, 9, 451, 353, 365, 190, 357, 296, 458, 379, 5, 452, 242, 480, 161, 205, 58, 206, 98, 334, 157, 354, 18, 67, 241, 440, 463, 407, 326, 284, 223, 175, 413, 146, 304, 456, 342, 314, 108, 88, 447, 277, 24, 213, 188, 99, ]
