solved:	true
solution_length:	77
upper_bound:	77
solution_runtime:	0.088185
heuristic_solution_length:	77
heuristic_solution_runtime:	0.0441005
heuristic_runtime:	0.0866745
solving_forward:	true
reduction_is_complete:	true
reduction_quality:	1
reduction_upper_bound:	77
reduction_runtime:	0.00151037
mdd_memory_consumption:	0
main_process_memory_consumption:	0
match_ilp_solution_length:	77
match_ilp_upper_bound:	77
match_ilp_runtime:	1.01e-07
mdd_ilp_solution_length:	77
mdd_ilp_upper_bound:	77
mdd_ilp_runtime:	4.1e-08
solution:	[444, 97, 219, 173, 60, 166, 453, 327, 466, 128, 147, 406, 499, 136, 454, 237, 449, 30, 472, 165, 434, 462, 470, 36, 382, 504, 423, 397, 170, 438, 7, 232, 216, 255, 298, 284, 184, 274, 336, 246, 38, 257, 13, 182, 151, 501, 229, 120, 197, 267, 379, 93, 52, 330, 401, 195, 416, 92, 114, 395, 272, 265, 303, 477, 20, 215, 196, 111, 343, 240, 71, 51, 271, 185, 155, 302, 314, ]
