solved:	true
solution_length:	81
upper_bound:	81
solution_runtime:	0.0933815
heuristic_solution_length:	81
heuristic_solution_runtime:	0.0420373
heuristic_runtime:	0.0915626
solving_forward:	true
reduction_is_complete:	true
reduction_quality:	1
reduction_upper_bound:	81
reduction_runtime:	0.00181876
mdd_memory_consumption:	0
main_process_memory_consumption:	0
match_ilp_solution_length:	81
match_ilp_upper_bound:	81
match_ilp_runtime:	1.33e-07
mdd_ilp_solution_length:	81
mdd_ilp_upper_bound:	81
mdd_ilp_runtime:	4.1e-08
solution:	[82, 463, 402, 104, 49, 422, 319, 398, 478, 386, 137, 136, 494, 288, 298, 399, 279, 73, 203, 54, 177, 305, 55, 447, 457, 90, 317, 83, 480, 492, 484, 220, 254, 424, 71, 144, 80, 304, 295, 336, 490, 493, 246, 69, 429, 133, 72, 42, 6, 446, 166, 377, 178, 16, 464, 449, 43, 277, 309, 160, 271, 164, 274, 2, 66, 208, 318, 275, 57, 201, 31, 209, 404, 330, 38, 199, 235, 327, 289, 355, 202, ]
