solved:	true
solution_length:	81
upper_bound:	81
solution_runtime:	0.0438599
heuristic_solution_length:	81
heuristic_solution_runtime:	0.0431099
heuristic_runtime:	0.0438322
solving_forward:	true
reduction_is_complete:	true
reduction_quality:	1
reduction_upper_bound:	81
reduction_runtime:	2.76e-05
mdd_memory_consumption:	0
main_process_memory_consumption:	0
match_ilp_solution_length:	81
match_ilp_upper_bound:	81
match_ilp_runtime:	1e-07
mdd_ilp_solution_length:	81
mdd_ilp_upper_bound:	81
mdd_ilp_runtime:	4.1e-08
solution:	[359, 308, 454, 166, 470, 88, 287, 479, 339, 305, 120, 237, 303, 37, 54, 263, 265, 361, 462, 427, 200, 188, 171, 410, 271, 453, 99, 147, 108, 358, 478, 225, 213, 16, 55, 498, 192, 418, 482, 184, 398, 142, 36, 360, 204, 33, 39, 297, 84, 405, 469, 337, 10, 475, 370, 396, 148, 441, 40, 79, 489, 340, 321, 357, 362, 310, 276, 131, 252, 152, 269, 174, 45, 157, 476, 448, 83, 474, 81, 49, 437, ]
