solved:	true
solution_length:	116
upper_bound:	116
solution_runtime:	0.981707
heuristic_solution_length:	116
heuristic_solution_runtime:	0.108637
heuristic_runtime:	0.886973
solving_forward:	false
reduction_is_complete:	true
reduction_quality:	1
reduction_upper_bound:	116
reduction_runtime:	0.0947338
mdd_memory_consumption:	0
main_process_memory_consumption:	0
match_ilp_solution_length:	116
match_ilp_upper_bound:	116
match_ilp_runtime:	9.9e-08
mdd_ilp_solution_length:	116
mdd_ilp_upper_bound:	116
mdd_ilp_runtime:	4e-08
solution:	[235, 497, 300, 72, 197, 272, 377, 306, 37, 462, 217, 173, 271, 96, 475, 458, 357, 282, 41, 391, 277, 420, 102, 314, 492, 69, 244, 143, 379, 342, 2, 43, 503, 489, 48, 365, 279, 409, 62, 299, 73, 45, 449, 274, 471, 144, 251, 456, 108, 461, 80, 237, 190, 359, 137, 447, 75, 411, 233, 136, 455, 18, 39, 482, 127, 366, 101, 224, 122, 361, 476, 35, 481, 201, 5, 9, 186, 177, 470, 290, 505, 221, 27, 104, 288, 154, 36, 311, 130, 47, 344, 229, 88, 61, 273, 219, 121, 255, 50, 312, 313, 287, 326, 166, 385, 323, 189, 339, 266, 87, 11, 164, 66, 83, 506, 472, ]
