solved:	true
solution_length:	80
upper_bound:	80
solution_runtime:	0.0820656
heuristic_solution_length:	80
heuristic_solution_runtime:	0.0444736
heuristic_runtime:	0.080984
solving_forward:	true
reduction_is_complete:	true
reduction_quality:	1
reduction_upper_bound:	80
reduction_runtime:	0.00108151
mdd_memory_consumption:	0
main_process_memory_consumption:	0
match_ilp_solution_length:	80
match_ilp_upper_bound:	80
match_ilp_runtime:	1.06e-07
mdd_ilp_solution_length:	80
mdd_ilp_upper_bound:	80
mdd_ilp_runtime:	4.8e-08
solution:	[140, 46, 29, 247, 473, 338, 447, 421, 27, 80, 49, 132, 364, 194, 179, 172, 434, 300, 286, 504, 248, 343, 253, 482, 167, 477, 443, 497, 274, 321, 63, 60, 456, 455, 34, 197, 187, 426, 422, 100, 40, 295, 396, 54, 355, 207, 384, 221, 341, 3, 429, 128, 74, 242, 349, 186, 184, 468, 425, 196, 267, 430, 39, 206, 417, 416, 298, 81, 87, 177, 106, 356, 270, 324, 501, 470, 220, 168, 507, 96, ]
