solved:	true
solution_length:	107
upper_bound:	107
solution_runtime:	0.224821
heuristic_solution_length:	107
heuristic_solution_runtime:	0.0702596
heuristic_runtime:	0.219535
solving_forward:	true
reduction_is_complete:	true
reduction_quality:	1
reduction_upper_bound:	107
reduction_runtime:	0.00528648
mdd_memory_consumption:	0
main_process_memory_consumption:	0
match_ilp_solution_length:	107
match_ilp_upper_bound:	107
match_ilp_runtime:	9.4e-08
mdd_ilp_solution_length:	107
mdd_ilp_upper_bound:	107
mdd_ilp_runtime:	4.1e-08
solution:	[193, 450, 8, 507, 30, 17, 227, 55, 314, 258, 49, 115, 373, 19, 494, 78, 88, 385, 305, 43, 274, 255, 367, 472, 243, 180, 347, 98, 188, 9, 463, 45, 403, 289, 104, 114, 201, 268, 191, 218, 360, 298, 260, 2, 242, 405, 207, 377, 292, 420, 327, 264, 491, 410, 457, 423, 142, 365, 62, 322, 313, 446, 165, 473, 169, 35, 237, 295, 431, 194, 28, 470, 217, 395, 319, 495, 249, 238, 375, 221, 417, 452, 108, 291, 366, 13, 382, 287, 220, 320, 236, 210, 211, 27, 57, 44, 133, 1, 391, 241, 239, 97, 118, 481, 155, 509, 273, ]
