solved:	true
solution_length:	75
upper_bound:	75
solution_runtime:	0.103668
heuristic_solution_length:	75
heuristic_solution_runtime:	0.040874
heuristic_runtime:	0.101094
solving_forward:	true
reduction_is_complete:	true
reduction_quality:	1
reduction_upper_bound:	75
reduction_runtime:	0.00257406
mdd_memory_consumption:	0
main_process_memory_consumption:	0
match_ilp_solution_length:	75
match_ilp_upper_bound:	75
match_ilp_runtime:	1.29e-07
mdd_ilp_solution_length:	75
mdd_ilp_upper_bound:	75
mdd_ilp_runtime:	4.1e-08
solution:	[196, 69, 13, 291, 376, 88, 252, 100, 361, 345, 453, 217, 336, 83, 241, 327, 119, 142, 486, 109, 245, 273, 31, 14, 84, 102, 411, 450, 365, 383, 319, 347, 292, 0, 322, 442, 491, 34, 37, 309, 91, 278, 404, 98, 349, 106, 170, 374, 445, 251, 286, 143, 96, 2, 36, 506, 388, 318, 132, 80, 328, 378, 508, 242, 218, 403, 414, 51, 194, 305, 464, 56, 463, 264, 248, ]
