solved:	true
solution_length:	96
upper_bound:	96
solution_runtime:	0.261482
heuristic_solution_length:	96
heuristic_solution_runtime:	0.0713886
heuristic_runtime:	0.253007
solving_forward:	true
reduction_is_complete:	true
reduction_quality:	1
reduction_upper_bound:	96
reduction_runtime:	0.00847498
mdd_memory_consumption:	0
main_process_memory_consumption:	0
match_ilp_solution_length:	96
match_ilp_upper_bound:	96
match_ilp_runtime:	9.1e-08
mdd_ilp_solution_length:	96
mdd_ilp_upper_bound:	96
mdd_ilp_runtime:	2.9e-08
solution:	[508, 110, 263, 396, 331, 435, 431, 464, 78, 181, 456, 19, 36, 32, 122, 75, 400, 273, 382, 332, 416, 201, 269, 362, 142, 449, 54, 425, 125, 73, 196, 277, 115, 264, 492, 428, 172, 465, 179, 167, 226, 292, 212, 217, 325, 312, 439, 180, 433, 406, 126, 116, 169, 355, 23, 140, 432, 95, 271, 48, 328, 124, 486, 161, 502, 421, 185, 131, 423, 165, 436, 24, 145, 237, 345, 511, 411, 56, 291, 320, 220, 304, 40, 450, 254, 192, 293, 150, 3, 317, 462, 160, 175, 360, 296, 144, ]
