solved:	true
solution_length:	103
upper_bound:	103
solution_runtime:	0.392934
heuristic_solution_length:	103
heuristic_solution_runtime:	0.0665463
heuristic_runtime:	0.361922
solving_forward:	false
reduction_is_complete:	true
reduction_quality:	1
reduction_upper_bound:	103
reduction_runtime:	0.0310127
mdd_memory_consumption:	0
main_process_memory_consumption:	0
match_ilp_solution_length:	103
match_ilp_upper_bound:	103
match_ilp_runtime:	9.4e-08
mdd_ilp_solution_length:	103
mdd_ilp_upper_bound:	103
mdd_ilp_runtime:	3.4e-08
solution:	[25, 22, 215, 8, 177, 237, 159, 139, 255, 282, 381, 261, 54, 179, 352, 87, 397, 307, 223, 411, 334, 349, 470, 483, 26, 128, 376, 1, 38, 302, 2, 220, 161, 350, 295, 31, 285, 103, 187, 460, 133, 392, 52, 112, 127, 355, 67, 3, 420, 245, 299, 194, 154, 185, 267, 491, 379, 27, 487, 57, 449, 406, 343, 166, 412, 405, 169, 399, 124, 252, 18, 451, 508, 493, 39, 104, 182, 433, 301, 322, 484, 389, 99, 118, 325, 79, 273, 345, 396, 238, 306, 423, 173, 480, 68, 503, 142, 357, 414, 136, 32, 71, 291, ]
