solved:	true
solution_length:	104
upper_bound:	104
solution_runtime:	0.244354
heuristic_solution_length:	104
heuristic_solution_runtime:	0.0696504
heuristic_runtime:	0.236941
solving_forward:	true
reduction_is_complete:	true
reduction_quality:	1
reduction_upper_bound:	104
reduction_runtime:	0.0074129
mdd_memory_consumption:	0
main_process_memory_consumption:	0
match_ilp_solution_length:	104
match_ilp_upper_bound:	104
match_ilp_runtime:	9e-08
mdd_ilp_solution_length:	104
mdd_ilp_upper_bound:	104
mdd_ilp_runtime:	4.1e-08
solution:	[10, 426, 413, 379, 225, 109, 82, 387, 406, 218, 311, 314, 365, 511, 76, 133, 124, 420, 48, 334, 159, 321, 122, 104, 295, 278, 343, 38, 118, 33, 178, 436, 324, 269, 108, 221, 345, 353, 141, 433, 378, 299, 170, 8, 419, 66, 240, 242, 257, 0, 400, 296, 173, 37, 435, 93, 401, 500, 116, 97, 459, 183, 171, 272, 369, 28, 301, 358, 96, 243, 418, 264, 157, 252, 142, 258, 148, 292, 302, 2, 193, 57, 417, 288, 233, 474, 425, 205, 429, 452, 481, 59, 260, 17, 72, 182, 6, 50, 123, 482, 164, 223, 19, 216, ]
