solved:	true
solution_length:	117
upper_bound:	117
solution_runtime:	1.29612
heuristic_solution_length:	117
heuristic_solution_runtime:	0.0967672
heuristic_runtime:	1.14083
solving_forward:	false
reduction_is_complete:	true
reduction_quality:	1
reduction_upper_bound:	117
reduction_runtime:	0.155287
mdd_memory_consumption:	0
main_process_memory_consumption:	0
match_ilp_solution_length:	117
match_ilp_upper_bound:	117
match_ilp_runtime:	2e-07
mdd_ilp_solution_length:	117
mdd_ilp_upper_bound:	117
mdd_ilp_runtime:	5.7e-08
solution:	[412, 2, 261, 88, 178, 496, 414, 243, 213, 423, 231, 430, 427, 104, 141, 316, 275, 443, 305, 377, 494, 90, 491, 119, 79, 205, 3, 436, 49, 135, 381, 210, 236, 12, 422, 105, 462, 53, 46, 56, 98, 57, 278, 242, 284, 333, 235, 41, 409, 315, 457, 20, 55, 498, 176, 247, 70, 435, 158, 233, 134, 332, 372, 389, 75, 184, 299, 161, 282, 484, 487, 146, 446, 101, 54, 306, 500, 509, 59, 62, 311, 112, 225, 341, 172, 449, 132, 269, 336, 350, 280, 452, 39, 13, 356, 37, 444, 45, 502, 473, 362, 385, 504, 139, 476, 454, 365, 460, 42, 273, 300, 61, 186, 126, 264, 162, 378, ]
