solved:	true
solution_length:	81
upper_bound:	81
solution_runtime:	0.0908518
heuristic_solution_length:	81
heuristic_solution_runtime:	0.0416279
heuristic_runtime:	0.0895172
solving_forward:	true
reduction_is_complete:	true
reduction_quality:	1
reduction_upper_bound:	81
reduction_runtime:	0.00133456
mdd_memory_consumption:	0
main_process_memory_consumption:	0
match_ilp_solution_length:	81
match_ilp_upper_bound:	81
match_ilp_runtime:	1.26e-07
mdd_ilp_solution_length:	81
mdd_ilp_upper_bound:	81
mdd_ilp_runtime:	4.1e-08
solution:	[97, 103, 406, 320, 399, 237, 277, 395, 335, 381, 131, 130, 38, 127, 78, 303, 410, 350, 389, 275, 412, 328, 340, 272, 68, 85, 426, 28, 417, 188, 324, 199, 255, 162, 172, 144, 176, 333, 249, 473, 409, 337, 2, 79, 161, 125, 256, 374, 498, 448, 425, 181, 388, 306, 323, 506, 347, 33, 368, 315, 354, 444, 349, 273, 449, 394, 15, 203, 477, 146, 485, 382, 57, 401, 369, 119, 192, 439, 471, 383, 147, ]
