solved:	true
solution_length:	117
upper_bound:	117
solution_runtime:	1.09585
heuristic_solution_length:	117
heuristic_solution_runtime:	0.0955469
heuristic_runtime:	0.989765
solving_forward:	false
reduction_is_complete:	true
reduction_quality:	1
reduction_upper_bound:	117
reduction_runtime:	0.106082
mdd_memory_consumption:	0
main_process_memory_consumption:	0
match_ilp_solution_length:	117
match_ilp_upper_bound:	117
match_ilp_runtime:	9.3e-08
mdd_ilp_solution_length:	117
mdd_ilp_upper_bound:	117
mdd_ilp_runtime:	4.3e-08
solution:	[239, 436, 187, 413, 469, 481, 59, 456, 277, 137, 476, 374, 5, 431, 192, 454, 40, 12, 321, 446, 107, 355, 315, 30, 250, 364, 322, 93, 309, 127, 11, 157, 487, 29, 58, 197, 286, 275, 346, 380, 337, 278, 216, 480, 409, 75, 241, 106, 418, 215, 387, 198, 475, 295, 143, 116, 472, 356, 3, 490, 214, 31, 186, 279, 392, 362, 307, 510, 7, 45, 171, 19, 201, 360, 319, 438, 474, 462, 126, 194, 57, 117, 372, 285, 488, 238, 42, 424, 401, 339, 470, 88, 68, 164, 421, 344, 55, 90, 104, 236, 296, 177, 318, 53, 464, 330, 411, 335, 51, 33, 399, 394, 270, 27, 384, 140, 4, ]
