solved:	true
solution_length:	83
upper_bound:	83
solution_runtime:	0.106366
heuristic_solution_length:	83
heuristic_solution_runtime:	0.0443939
heuristic_runtime:	0.104048
solving_forward:	true
reduction_is_complete:	true
reduction_quality:	1
reduction_upper_bound:	83
reduction_runtime:	0.00231778
mdd_memory_consumption:	0
main_process_memory_consumption:	0
match_ilp_solution_length:	83
match_ilp_upper_bound:	83
match_ilp_runtime:	1.37e-07
mdd_ilp_solution_length:	83
mdd_ilp_upper_bound:	83
mdd_ilp_runtime:	5.3e-08
solution:	[91, 372, 455, 329, 50, 339, 47, 257, 248, 448, 236, 328, 17, 93, 487, 40, 486, 423, 497, 412, 30, 477, 178, 470, 34, 48, 439, 37, 207, 266, 373, 427, 89, 414, 456, 170, 202, 432, 56, 398, 465, 87, 97, 306, 247, 346, 484, 263, 385, 3, 327, 511, 177, 507, 457, 66, 167, 377, 158, 436, 190, 180, 182, 234, 495, 162, 444, 387, 408, 269, 370, 83, 201, 323, 159, 471, 195, 376, 347, 440, 415, 418, 166, ]
