solved:	true
solution_length:	75
upper_bound:	75
solution_runtime:	0.0972326
heuristic_solution_length:	75
heuristic_solution_runtime:	0.042994
heuristic_runtime:	0.0955076
solving_forward:	true
reduction_is_complete:	true
reduction_quality:	1
reduction_upper_bound:	75
reduction_runtime:	0.00172494
mdd_memory_consumption:	0
main_process_memory_consumption:	0
match_ilp_solution_length:	75
match_ilp_upper_bound:	75
match_ilp_runtime:	9.5e-08
mdd_ilp_solution_length:	75
mdd_ilp_upper_bound:	75
mdd_ilp_runtime:	4.4e-08
solution:	[64, 279, 49, 445, 133, 263, 180, 150, 413, 441, 242, 12, 168, 140, 114, 280, 295, 83, 82, 95, 268, 469, 229, 331, 292, 427, 258, 3, 138, 187, 342, 62, 501, 355, 189, 203, 175, 130, 349, 313, 381, 493, 287, 328, 29, 156, 386, 79, 96, 373, 25, 375, 110, 283, 111, 126, 221, 486, 304, 124, 346, 54, 35, 119, 74, 269, 403, 272, 418, 26, 176, 204, 158, 320, 191, ]
