solved:	true
solution_length:	100
upper_bound:	100
solution_runtime:	0.486788
heuristic_solution_length:	100
heuristic_solution_runtime:	0.0779636
heuristic_runtime:	0.436503
solving_forward:	false
reduction_is_complete:	true
reduction_quality:	1
reduction_upper_bound:	100
reduction_runtime:	0.0502847
mdd_memory_consumption:	0
main_process_memory_consumption:	0
match_ilp_solution_length:	100
match_ilp_upper_bound:	100
match_ilp_runtime:	1e-07
mdd_ilp_solution_length:	100
mdd_ilp_upper_bound:	100
mdd_ilp_runtime:	4.1e-08
solution:	[126, 360, 16, 339, 165, 186, 65, 303, 428, 139, 285, 233, 403, 289, 323, 293, 46, 132, 131, 84, 416, 89, 86, 450, 264, 62, 219, 67, 229, 13, 226, 134, 497, 509, 421, 305, 182, 397, 45, 441, 387, 477, 344, 276, 398, 258, 1, 174, 53, 343, 499, 6, 341, 277, 56, 374, 302, 210, 502, 175, 136, 211, 453, 196, 483, 105, 167, 452, 69, 253, 392, 357, 455, 314, 48, 510, 334, 12, 101, 242, 328, 377, 462, 72, 465, 475, 384, 492, 388, 319, 429, 70, 324, 460, 109, 438, 61, 3, 85, 312, ]
