solved:	true
solution_length:	98
upper_bound:	98
solution_runtime:	0.228531
heuristic_solution_length:	98
heuristic_solution_runtime:	0.0566837
heuristic_runtime:	0.219015
solving_forward:	true
reduction_is_complete:	true
reduction_quality:	1
reduction_upper_bound:	98
reduction_runtime:	0.009516
mdd_memory_consumption:	0
main_process_memory_consumption:	0
match_ilp_solution_length:	98
match_ilp_upper_bound:	98
match_ilp_runtime:	9.3e-08
mdd_ilp_solution_length:	98
mdd_ilp_upper_bound:	98
mdd_ilp_runtime:	4.1e-08
solution:	[381, 194, 424, 436, 315, 58, 502, 504, 314, 46, 216, 467, 144, 401, 494, 395, 178, 199, 301, 390, 31, 172, 20, 2, 469, 162, 371, 393, 311, 115, 402, 503, 33, 134, 295, 163, 82, 506, 167, 181, 247, 352, 36, 290, 123, 496, 394, 112, 278, 283, 297, 85, 443, 492, 458, 375, 56, 152, 479, 184, 37, 35, 461, 1, 174, 333, 59, 230, 155, 446, 142, 287, 367, 490, 500, 300, 196, 151, 321, 370, 34, 71, 238, 307, 15, 356, 70, 414, 480, 157, 430, 489, 491, 452, 422, 341, 416, 355, ]
