solved:	true
solution_length:	62
upper_bound:	62
solution_runtime:	0.0586566
heuristic_solution_length:	62
heuristic_solution_runtime:	0.0341251
heuristic_runtime:	0.0573572
solving_forward:	true
reduction_is_complete:	true
reduction_quality:	1
reduction_upper_bound:	62
reduction_runtime:	0.00129935
mdd_memory_consumption [MB]:	0
main_process_memory_consumption [MB]:	0
match_ilp_solution_length:	62
match_ilp_upper_bound:	62
match_ilp_runtime:	9.5e-08
mdd_ilp_solution_length:	62
mdd_ilp_upper_bound:	62
mdd_ilp_runtime:	4.1e-08
solution:	[117, 30, 354, 216, 390, 5, 757, 720, 464, 441, 414, 596, 632, 629, 161, 652, 89, 300, 367, 239, 545, 663, 157, 458, 40, 342, 270, 335, 537, 192, 97, 419, 514, 520, 312, 383, 19, 387, 503, 150, 203, 475, 111, 95, 185, 452, 543, 438, 750, 381, 669, 325, 156, 612, 168, 214, 748, 625, 474, 178, 730, 101, ]
