solved:	true
solution_length:	64
upper_bound:	64
solution_runtime:	0.0321585
heuristic_solution_length:	64
heuristic_solution_runtime:	0.0316605
heuristic_runtime:	0.0321377
solving_forward:	true
reduction_is_complete:	true
reduction_quality:	1
reduction_upper_bound:	64
reduction_runtime:	2.0734e-05
mdd_memory_consumption [MB]:	0
main_process_memory_consumption [MB]:	0
match_ilp_solution_length:	64
match_ilp_upper_bound:	64
match_ilp_runtime:	9.8e-08
mdd_ilp_solution_length:	64
mdd_ilp_upper_bound:	64
mdd_ilp_runtime:	3.3e-08
solution:	[632, 395, 332, 631, 737, 673, 144, 379, 505, 104, 761, 378, 236, 163, 294, 619, 684, 706, 164, 541, 530, 750, 592, 495, 105, 526, 601, 90, 218, 705, 714, 102, 169, 352, 204, 165, 502, 98, 27, 308, 711, 252, 581, 668, 106, 458, 643, 53, 557, 514, 747, 516, 336, 320, 180, 369, 670, 274, 150, 120, 497, 345, 312, 563, ]
