solved:	true
solution_length:	88
upper_bound:	88
solution_runtime:	1.97239
heuristic_solution_length:	88
heuristic_solution_runtime:	0.0570959
heuristic_runtime:	0.611856
solving_forward:	true
reduction_is_complete:	false
reduction_quality:	0.828003
reduction_upper_bound:	90
reduction_runtime:	0.150006
mdd_memory_consumption [MB]:	0
main_process_memory_consumption [MB]:	0
match_ilp_solution_length:	88
match_ilp_upper_bound:	88
match_ilp_runtime:	1.21053
mdd_ilp_solution_length:	88
mdd_ilp_upper_bound:	88
mdd_ilp_runtime:	0.0205915
solution:	[48, 62, 215, 118, 170, 49, 86, 220, 256, 179, 286, 235, 2, 299, 260, 331, 149, 367, 167, 33, 12, 266, 25, 262, 320, 270, 8, 157, 254, 332, 382, 151, 227, 305, 92, 296, 77, 337, 244, 100, 329, 190, 212, 276, 357, 73, 102, 181, 55, 137, 13, 173, 288, 66, 45, 40, 199, 240, 324, 14, 197, 374, 187, 201, 258, 207, 81, 85, 230, 15, 82, 339, 37, 61, 283, 362, 383, 106, 298, 63, 188, 10, 264, 295, 248, 71, 380, 30, ]
