solved:	true
solution_length:	107
upper_bound:	107
solution_runtime:	47.5698
heuristic_solution_length:	107
heuristic_solution_runtime:	0.0690379
heuristic_runtime:	1.31243
solving_forward:	true
reduction_is_complete:	false
reduction_quality:	0.7589
reduction_upper_bound:	112
reduction_runtime:	0.273148
mdd_memory_consumption [MB]:	0
main_process_memory_consumption [MB]:	0
match_ilp_solution_length:	107
match_ilp_upper_bound:	107
match_ilp_runtime:	45.9842
mdd_ilp_solution_length:	107
mdd_ilp_upper_bound:	107
mdd_ilp_runtime:	4.4132
solution:	[131, 63, 247, 250, 208, 228, 108, 25, 211, 252, 7, 234, 243, 75, 222, 245, 125, 20, 216, 45, 111, 239, 58, 71, 241, 173, 230, 86, 213, 193, 205, 122, 233, 41, 150, 61, 27, 142, 227, 17, 16, 129, 44, 152, 109, 117, 196, 168, 78, 84, 104, 48, 120, 218, 153, 69, 97, 74, 148, 67, 176, 167, 144, 170, 189, 1, 70, 85, 105, 99, 55, 182, 42, 134, 232, 207, 128, 191, 81, 244, 89, 38, 39, 214, 102, 136, 87, 194, 126, 224, 116, 31, 64, 13, 115, 135, 107, 164, 165, 90, 53, 52, 96, 121, 127, 161, 202, ]
