solved:	true
solution_length:	61
upper_bound:	61
solution_runtime:	0.0299642
heuristic_solution_length:	61
heuristic_solution_runtime:	0.0299391
heuristic_runtime:	0.0299617
solving_forward:	true
reduction_is_complete:	true
reduction_quality:	1
reduction_upper_bound:	61
reduction_runtime:	2.329e-06
mdd_memory_consumption [MB]:	0
main_process_memory_consumption [MB]:	0
match_ilp_solution_length:	61
match_ilp_upper_bound:	61
match_ilp_runtime:	1.02e-07
mdd_ilp_solution_length:	61
mdd_ilp_upper_bound:	61
mdd_ilp_runtime:	4.3e-08
solution:	[174, 591, 356, 405, 834, 209, 97, 483, 738, 564, 510, 735, 412, 195, 799, 357, 154, 842, 516, 721, 751, 539, 122, 166, 495, 583, 403, 91, 30, 81, 846, 514, 398, 747, 806, 20, 344, 472, 465, 754, 199, 340, 684, 317, 637, 173, 719, 48, 305, 248, 661, 53, 438, 501, 406, 487, 611, 250, 402, 692, 757, ]
