solved:	true
solution_length:	65
upper_bound:	65
solution_runtime:	0.0347846
heuristic_solution_length:	65
heuristic_solution_runtime:	0.034229
heuristic_runtime:	0.0347613
solving_forward:	true
reduction_is_complete:	true
reduction_quality:	1
reduction_upper_bound:	65
reduction_runtime:	2.3243e-05
mdd_memory_consumption [MB]:	0
main_process_memory_consumption [MB]:	0
match_ilp_solution_length:	65
match_ilp_upper_bound:	65
match_ilp_runtime:	9.8e-08
mdd_ilp_solution_length:	65
mdd_ilp_upper_bound:	65
mdd_ilp_runtime:	4.4e-08
solution:	[525, 344, 309, 75, 551, 473, 57, 24, 718, 280, 127, 319, 283, 137, 250, 755, 62, 333, 80, 340, 539, 499, 398, 744, 6, 189, 719, 449, 622, 660, 461, 20, 305, 693, 357, 377, 670, 153, 0, 199, 198, 308, 504, 510, 728, 294, 442, 627, 173, 370, 96, 27, 239, 176, 5, 196, 471, 427, 154, 490, 101, 140, 425, 210, 124, ]
