solved:	true
solution_length:	67
upper_bound:	67
solution_runtime:	0.0339823
heuristic_solution_length:	67
heuristic_solution_runtime:	0.03344
heuristic_runtime:	0.0339606
solving_forward:	true
reduction_is_complete:	true
reduction_quality:	1
reduction_upper_bound:	67
reduction_runtime:	2.1615e-05
mdd_memory_consumption [MB]:	0
main_process_memory_consumption [MB]:	0
match_ilp_solution_length:	67
match_ilp_upper_bound:	67
match_ilp_runtime:	1.06e-07
mdd_ilp_solution_length:	67
mdd_ilp_upper_bound:	67
mdd_ilp_runtime:	4.4e-08
solution:	[204, 789, 114, 173, 151, 634, 285, 403, 822, 273, 699, 30, 525, 424, 105, 563, 256, 157, 743, 564, 802, 186, 159, 528, 371, 785, 365, 168, 556, 507, 25, 387, 636, 824, 842, 347, 421, 853, 726, 779, 635, 543, 846, 542, 584, 765, 571, 569, 36, 381, 409, 332, 124, 358, 509, 290, 34, 131, 183, 668, 348, 402, 867, 799, 680, 809, 533, ]
