solved:	true
solution_length:	61
upper_bound:	61
solution_runtime:	0.0487574
heuristic_solution_length:	61
heuristic_solution_runtime:	0.0337377
heuristic_runtime:	0.0480494
solving_forward:	true
reduction_is_complete:	true
reduction_quality:	1
reduction_upper_bound:	61
reduction_runtime:	0.000707861
mdd_memory_consumption [MB]:	0
main_process_memory_consumption [MB]:	0
match_ilp_solution_length:	61
match_ilp_upper_bound:	61
match_ilp_runtime:	1.02e-07
mdd_ilp_solution_length:	61
mdd_ilp_upper_bound:	61
mdd_ilp_runtime:	3e-08
solution:	[222, 71, 449, 376, 360, 284, 444, 500, 808, 348, 171, 571, 561, 133, 861, 680, 34, 115, 515, 848, 239, 494, 485, 472, 545, 103, 580, 836, 90, 58, 788, 671, 566, 853, 342, 136, 799, 737, 146, 102, 560, 345, 724, 327, 10, 184, 273, 42, 866, 697, 418, 346, 73, 874, 435, 95, 96, 895, 751, 165, 699, ]
