solved:	true
solution_length:	69
upper_bound:	69
solution_runtime:	0.0599851
heuristic_solution_length:	69
heuristic_solution_runtime:	0.0431486
heuristic_runtime:	0.0590808
solving_forward:	true
reduction_is_complete:	true
reduction_quality:	1
reduction_upper_bound:	69
reduction_runtime:	0.000904244
mdd_memory_consumption [MB]:	0
main_process_memory_consumption [MB]:	0
match_ilp_solution_length:	69
match_ilp_upper_bound:	69
match_ilp_runtime:	1e-07
mdd_ilp_solution_length:	69
mdd_ilp_upper_bound:	69
mdd_ilp_runtime:	4.7e-08
solution:	[312, 76, 398, 638, 237, 701, 221, 348, 425, 808, 368, 651, 2, 821, 92, 231, 504, 726, 455, 859, 505, 700, 634, 418, 112, 680, 454, 272, 798, 362, 649, 800, 465, 563, 583, 601, 107, 862, 615, 24, 734, 135, 608, 858, 183, 104, 210, 665, 540, 593, 19, 857, 29, 361, 22, 579, 624, 334, 75, 149, 660, 43, 229, 381, 577, 568, 548, 758, 603, ]
