solved:	true
solution_length:	77
upper_bound:	77
solution_runtime:	0.111298
heuristic_solution_length:	77
heuristic_solution_runtime:	0.0373737
heuristic_runtime:	0.107021
solving_forward:	true
reduction_is_complete:	true
reduction_quality:	1
reduction_upper_bound:	77
reduction_runtime:	0.00427682
mdd_memory_consumption [MB]:	0
main_process_memory_consumption [MB]:	0
match_ilp_solution_length:	77
match_ilp_upper_bound:	77
match_ilp_runtime:	9.7e-08
mdd_ilp_solution_length:	77
mdd_ilp_upper_bound:	77
mdd_ilp_runtime:	3.1e-08
solution:	[74, 335, 463, 77, 41, 8, 446, 476, 492, 309, 393, 267, 375, 328, 273, 275, 474, 138, 76, 408, 311, 172, 251, 258, 122, 438, 358, 224, 147, 337, 58, 296, 498, 279, 163, 150, 46, 72, 447, 411, 277, 104, 450, 162, 174, 71, 241, 483, 164, 179, 496, 472, 466, 221, 47, 239, 255, 398, 32, 73, 88, 401, 252, 491, 448, 418, 36, 211, 495, 467, 409, 370, 464, 62, 456, 63, 43, ]
