solved:	true
solution_length:	92
upper_bound:	92
solution_runtime:	0.33485
heuristic_solution_length:	92
heuristic_solution_runtime:	0.0494121
heuristic_runtime:	0.309632
solving_forward:	true
reduction_is_complete:	true
reduction_quality:	1
reduction_upper_bound:	92
reduction_runtime:	0.025218
mdd_memory_consumption [MB]:	0
main_process_memory_consumption [MB]:	0
match_ilp_solution_length:	92
match_ilp_upper_bound:	92
match_ilp_runtime:	9e-08
mdd_ilp_solution_length:	92
mdd_ilp_upper_bound:	92
mdd_ilp_runtime:	5e-08
solution:	[68, 206, 344, 289, 10, 125, 294, 18, 93, 178, 0, 321, 160, 375, 283, 123, 229, 55, 168, 333, 151, 179, 303, 138, 129, 348, 49, 106, 310, 246, 203, 43, 276, 114, 326, 173, 172, 238, 247, 2, 380, 158, 37, 365, 120, 26, 131, 293, 29, 373, 92, 44, 121, 299, 225, 122, 166, 312, 171, 263, 88, 218, 150, 96, 237, 113, 254, 146, 251, 207, 52, 256, 347, 231, 306, 272, 323, 139, 142, 90, 177, 187, 314, 204, 6, 343, 189, 220, 164, 336, 241, 180, ]
