solved:	true
solution_length:	61
upper_bound:	61
solution_runtime:	0.0344252
heuristic_solution_length:	61
heuristic_solution_runtime:	0.0340289
heuristic_runtime:	0.034404
solving_forward:	true
reduction_is_complete:	true
reduction_quality:	1
reduction_upper_bound:	61
reduction_runtime:	2.1086e-05
mdd_memory_consumption [MB]:	0
main_process_memory_consumption [MB]:	0
match_ilp_solution_length:	61
match_ilp_upper_bound:	61
match_ilp_runtime:	1.05e-07
mdd_ilp_solution_length:	61
mdd_ilp_upper_bound:	61
mdd_ilp_runtime:	3.4e-08
solution:	[310, 721, 611, 84, 596, 798, 259, 58, 28, 244, 192, 454, 697, 643, 815, 146, 117, 837, 772, 528, 399, 608, 231, 873, 778, 227, 706, 563, 712, 840, 27, 760, 158, 794, 626, 397, 115, 652, 464, 219, 51, 66, 328, 511, 342, 74, 346, 167, 373, 155, 524, 405, 737, 851, 478, 55, 501, 330, 466, 796, 187, ]
