solved:	true
solution_length:	104
upper_bound:	104
solution_runtime:	70.2613
heuristic_solution_length:	104
heuristic_solution_runtime:	0.837829
heuristic_runtime:	2.30533
solving_forward:	true
reduction_is_complete:	false
reduction_quality:	0.715364
reduction_upper_bound:	112
reduction_runtime:	0.569702
mdd_memory_consumption [MB]:	0
main_process_memory_consumption [MB]:	0
match_ilp_solution_length:	104
match_ilp_upper_bound:	104
match_ilp_runtime:	67.3862
mdd_ilp_solution_length:	104
mdd_ilp_upper_bound:	104
mdd_ilp_runtime:	466.272
solution:	[249, 190, 45, 115, 114, 35, 236, 38, 202, 141, 91, 55, 174, 32, 235, 217, 135, 146, 242, 197, 232, 67, 105, 129, 150, 22, 73, 111, 62, 51, 54, 94, 106, 181, 109, 44, 144, 102, 24, 171, 192, 10, 231, 162, 229, 180, 88, 223, 134, 70, 116, 49, 245, 130, 31, 195, 131, 7, 4, 149, 177, 80, 163, 103, 243, 127, 128, 201, 33, 182, 132, 166, 107, 125, 203, 219, 108, 37, 153, 154, 155, 143, 188, 100, 234, 47, 196, 159, 95, 248, 172, 82, 11, 92, 69, 210, 206, 124, 137, 71, 176, 122, 72, 225, ]
