solved:	true
solution_length:	71
upper_bound:	71
solution_runtime:	0.0674966
heuristic_solution_length:	71
heuristic_solution_runtime:	0.037182
heuristic_runtime:	0.0660741
solving_forward:	true
reduction_is_complete:	true
reduction_quality:	1
reduction_upper_bound:	71
reduction_runtime:	0.00142236
mdd_memory_consumption [MB]:	0
main_process_memory_consumption [MB]:	0
match_ilp_solution_length:	71
match_ilp_upper_bound:	71
match_ilp_runtime:	9.4e-08
mdd_ilp_solution_length:	71
mdd_ilp_upper_bound:	71
mdd_ilp_runtime:	4.1e-08
solution:	[625, 410, 189, 421, 71, 254, 433, 161, 638, 143, 428, 43, 346, 98, 248, 407, 204, 271, 500, 141, 509, 258, 292, 354, 218, 221, 127, 349, 418, 27, 83, 20, 471, 462, 374, 566, 452, 326, 187, 166, 561, 382, 575, 175, 67, 110, 95, 300, 38, 577, 420, 136, 103, 593, 597, 119, 131, 14, 473, 618, 220, 339, 316, 380, 154, 481, 550, 256, 436, 560, 385, ]
