solved:	true
solution_length:	71
upper_bound:	71
solution_runtime:	0.0371958
heuristic_solution_length:	71
heuristic_solution_runtime:	0.0366775
heuristic_runtime:	0.0371717
solving_forward:	true
reduction_is_complete:	true
reduction_quality:	1
reduction_upper_bound:	71
reduction_runtime:	2.4018e-05
mdd_memory_consumption [MB]:	0
main_process_memory_consumption [MB]:	0
match_ilp_solution_length:	71
match_ilp_upper_bound:	71
match_ilp_runtime:	1.08e-07
mdd_ilp_solution_length:	71
mdd_ilp_upper_bound:	71
mdd_ilp_runtime:	4.5e-08
solution:	[453, 103, 83, 311, 582, 407, 253, 267, 432, 634, 339, 513, 390, 445, 143, 448, 345, 609, 78, 58, 343, 322, 50, 593, 383, 620, 166, 347, 280, 474, 23, 84, 481, 224, 125, 223, 27, 420, 459, 14, 216, 274, 201, 315, 301, 151, 616, 67, 429, 234, 101, 529, 238, 71, 413, 387, 172, 123, 556, 80, 550, 324, 134, 517, 170, 16, 610, 29, 333, 160, 543, ]
