solved:	true
solution_length:	108
upper_bound:	108
solution_runtime:	712.71
heuristic_solution_length:	108
heuristic_solution_runtime:	0.0900607
heuristic_runtime:	1.81514
solving_forward:	true
reduction_is_complete:	false
reduction_quality:	0.62363
reduction_upper_bound:	116
reduction_runtime:	0.481398
mdd_memory_consumption [MB]:	0
main_process_memory_consumption [MB]:	0
match_ilp_solution_length:	108
match_ilp_upper_bound:	108
match_ilp_runtime:	710.413
mdd_ilp_solution_length:	108
mdd_ilp_upper_bound:	108
mdd_ilp_runtime:	1078.88
solution:	[155, 93, 6, 248, 160, 11, 86, 5, 161, 36, 198, 189, 166, 194, 102, 97, 54, 252, 133, 236, 7, 147, 167, 195, 197, 1, 222, 180, 143, 45, 13, 96, 231, 25, 132, 109, 29, 23, 232, 50, 206, 140, 139, 157, 184, 213, 141, 175, 216, 92, 190, 185, 63, 24, 39, 73, 49, 98, 118, 80, 68, 202, 254, 136, 224, 71, 108, 220, 188, 89, 186, 233, 152, 72, 227, 116, 208, 199, 176, 38, 196, 138, 56, 170, 214, 148, 103, 2, 212, 82, 235, 18, 182, 101, 30, 245, 241, 242, 79, 119, 163, 219, 9, 135, 91, 99, 223, 75, ]
