solved:	true
solution_length:	74
upper_bound:	74
solution_runtime:	0.133353
heuristic_solution_length:	74
heuristic_solution_runtime:	0.0371326
heuristic_runtime:	0.125346
solving_forward:	true
reduction_is_complete:	true
reduction_quality:	1
reduction_upper_bound:	74
reduction_runtime:	0.00800729
mdd_memory_consumption [MB]:	0
main_process_memory_consumption [MB]:	0
match_ilp_solution_length:	74
match_ilp_upper_bound:	74
match_ilp_runtime:	9.9e-08
mdd_ilp_solution_length:	74
mdd_ilp_upper_bound:	74
mdd_ilp_runtime:	4.1e-08
solution:	[500, 66, 103, 35, 226, 362, 484, 116, 308, 624, 31, 513, 98, 190, 520, 560, 462, 189, 155, 324, 435, 114, 177, 85, 175, 258, 52, 409, 57, 162, 60, 45, 535, 448, 326, 381, 388, 408, 147, 515, 294, 518, 199, 415, 233, 490, 590, 227, 530, 70, 406, 635, 606, 493, 610, 506, 38, 526, 238, 49, 446, 572, 293, 223, 84, 602, 320, 270, 312, 80, 164, 311, 220, 625, ]
