solved:	true
solution_length:	60
upper_bound:	60
solution_runtime:	0.0359614
heuristic_solution_length:	60
heuristic_solution_runtime:	0.0359331
heuristic_runtime:	0.0359588
solving_forward:	true
reduction_is_complete:	true
reduction_quality:	1
reduction_upper_bound:	60
reduction_runtime:	2.414e-06
mdd_memory_consumption [MB]:	0
main_process_memory_consumption [MB]:	0
match_ilp_solution_length:	60
match_ilp_upper_bound:	60
match_ilp_runtime:	1.39e-07
mdd_ilp_solution_length:	60
mdd_ilp_upper_bound:	60
mdd_ilp_runtime:	4.5e-08
solution:	[109, 61, 230, 236, 706, 840, 267, 183, 595, 653, 751, 879, 752, 668, 386, 789, 368, 725, 581, 124, 888, 858, 396, 271, 180, 695, 26, 430, 723, 311, 101, 265, 262, 268, 281, 890, 794, 188, 763, 508, 309, 406, 206, 765, 805, 48, 97, 726, 550, 436, 452, 444, 388, 612, 353, 671, 582, 52, 604, 209, ]
