solved:	true
solution_length:	61
upper_bound:	61
solution_runtime:	0.0510613
heuristic_solution_length:	61
heuristic_solution_runtime:	0.0289524
heuristic_runtime:	0.0496391
solving_forward:	true
reduction_is_complete:	true
reduction_quality:	1
reduction_upper_bound:	61
reduction_runtime:	0.00142207
mdd_memory_consumption [MB]:	0
main_process_memory_consumption [MB]:	0
match_ilp_solution_length:	61
match_ilp_upper_bound:	61
match_ilp_runtime:	9.8e-08
mdd_ilp_solution_length:	61
mdd_ilp_upper_bound:	61
mdd_ilp_runtime:	4.1e-08
solution:	[743, 687, 718, 371, 194, 688, 724, 815, 823, 251, 430, 245, 9, 843, 283, 610, 44, 799, 366, 684, 443, 284, 690, 423, 851, 324, 62, 299, 463, 387, 658, 214, 165, 258, 474, 451, 179, 184, 763, 865, 768, 98, 560, 825, 828, 27, 564, 648, 613, 318, 689, 585, 602, 611, 730, 627, 57, 872, 636, 97, 312, ]
