solved:	true
solution_length:	79
upper_bound:	79
solution_runtime:	0.118804
heuristic_solution_length:	79
heuristic_solution_runtime:	0.041154
heuristic_runtime:	0.113663
solving_forward:	true
reduction_is_complete:	true
reduction_quality:	1
reduction_upper_bound:	79
reduction_runtime:	0.00514105
mdd_memory_consumption [MB]:	0
main_process_memory_consumption [MB]:	0
match_ilp_solution_length:	79
match_ilp_upper_bound:	79
match_ilp_runtime:	1e-07
mdd_ilp_solution_length:	79
mdd_ilp_upper_bound:	79
mdd_ilp_runtime:	4.1e-08
solution:	[427, 11, 489, 456, 122, 482, 374, 503, 457, 147, 107, 465, 155, 15, 300, 124, 477, 38, 429, 177, 115, 404, 8, 275, 150, 81, 455, 152, 322, 51, 415, 461, 376, 338, 281, 154, 266, 278, 293, 113, 151, 103, 79, 205, 120, 416, 26, 435, 296, 392, 201, 509, 20, 485, 472, 211, 470, 345, 344, 88, 83, 255, 263, 506, 101, 286, 33, 25, 12, 283, 170, 327, 379, 496, 448, 347, 504, 381, 215, ]
