solved:	true
solution_length:	63
upper_bound:	63
solution_runtime:	0.0552775
heuristic_solution_length:	63
heuristic_solution_runtime:	0.0339878
heuristic_runtime:	0.0541098
solving_forward:	true
reduction_is_complete:	true
reduction_quality:	1
reduction_upper_bound:	63
reduction_runtime:	0.00116766
mdd_memory_consumption [MB]:	0
main_process_memory_consumption [MB]:	0
match_ilp_solution_length:	63
match_ilp_upper_bound:	63
match_ilp_runtime:	9.6e-08
mdd_ilp_solution_length:	63
mdd_ilp_upper_bound:	63
mdd_ilp_runtime:	4.3e-08
solution:	[744, 327, 162, 528, 200, 246, 273, 555, 591, 558, 549, 188, 514, 658, 108, 12, 124, 396, 559, 347, 708, 74, 694, 266, 700, 286, 547, 523, 309, 706, 39, 299, 46, 546, 280, 752, 204, 11, 114, 505, 132, 451, 201, 99, 606, 313, 187, 572, 43, 538, 254, 716, 421, 91, 263, 95, 5, 467, 152, 755, 627, 584, 175, ]
