solved:	true
solution_length:	66
upper_bound:	66
solution_runtime:	0.0659426
heuristic_solution_length:	66
heuristic_solution_runtime:	0.0344586
heuristic_runtime:	0.0638631
solving_forward:	true
reduction_is_complete:	true
reduction_quality:	1
reduction_upper_bound:	66
reduction_runtime:	0.00207943
mdd_memory_consumption [MB]:	0
main_process_memory_consumption [MB]:	0
match_ilp_solution_length:	66
match_ilp_upper_bound:	66
match_ilp_runtime:	1.02e-07
mdd_ilp_solution_length:	66
mdd_ilp_upper_bound:	66
mdd_ilp_runtime:	4.1e-08
solution:	[756, 708, 155, 310, 598, 672, 313, 559, 765, 637, 294, 698, 441, 589, 292, 233, 650, 60, 361, 37, 426, 585, 463, 499, 739, 507, 377, 516, 329, 450, 20, 655, 544, 230, 273, 373, 226, 2, 248, 297, 604, 433, 469, 71, 657, 658, 590, 732, 119, 723, 509, 300, 540, 288, 599, 759, 711, 395, 716, 93, 439, 418, 693, 562, 146, 290, ]
