solved:	true
solution_length:	63
upper_bound:	63
solution_runtime:	0.0598852
heuristic_solution_length:	63
heuristic_solution_runtime:	0.0358563
heuristic_runtime:	0.0586146
solving_forward:	true
reduction_is_complete:	true
reduction_quality:	1
reduction_upper_bound:	63
reduction_runtime:	0.00127056
mdd_memory_consumption [MB]:	0
main_process_memory_consumption [MB]:	0
match_ilp_solution_length:	63
match_ilp_upper_bound:	63
match_ilp_runtime:	1.03e-07
mdd_ilp_solution_length:	63
mdd_ilp_upper_bound:	63
mdd_ilp_runtime:	4.3e-08
solution:	[167, 158, 473, 148, 109, 542, 26, 457, 182, 415, 396, 222, 317, 597, 150, 360, 376, 380, 21, 729, 733, 71, 160, 362, 236, 237, 551, 580, 326, 179, 256, 219, 105, 3, 69, 129, 424, 519, 207, 244, 55, 101, 263, 711, 327, 357, 337, 624, 697, 10, 694, 652, 97, 413, 166, 556, 323, 124, 748, 42, 295, 431, 596, ]
