solved:	true
solution_length:	69
upper_bound:	69
solution_runtime:	0.0392756
heuristic_solution_length:	69
heuristic_solution_runtime:	0.0392289
heuristic_runtime:	0.0392726
solving_forward:	true
reduction_is_complete:	true
reduction_quality:	1
reduction_upper_bound:	69
reduction_runtime:	2.859e-06
mdd_memory_consumption [MB]:	0
main_process_memory_consumption [MB]:	0
match_ilp_solution_length:	69
match_ilp_upper_bound:	69
match_ilp_runtime:	1.43e-07
mdd_ilp_solution_length:	69
mdd_ilp_upper_bound:	69
mdd_ilp_runtime:	4.4e-08
solution:	[376, 263, 634, 508, 392, 132, 506, 166, 567, 414, 46, 109, 532, 454, 164, 102, 316, 133, 456, 94, 478, 161, 365, 351, 404, 281, 633, 334, 518, 153, 143, 614, 105, 122, 515, 295, 23, 446, 207, 574, 194, 577, 337, 354, 8, 570, 580, 187, 233, 517, 41, 119, 571, 151, 490, 467, 631, 230, 303, 529, 202, 31, 418, 53, 238, 273, 234, 390, 217, ]
