solved:	true
solution_length:	111
upper_bound:	111
solution_runtime:	40.3441
heuristic_solution_length:	111
heuristic_solution_runtime:	0.0631681
heuristic_runtime:	1.16887
solving_forward:	true
reduction_is_complete:	false
reduction_quality:	0.761722
reduction_upper_bound:	116
reduction_runtime:	0.277221
mdd_memory_consumption [MB]:	0
main_process_memory_consumption [MB]:	0
match_ilp_solution_length:	111
match_ilp_upper_bound:	111
match_ilp_runtime:	38.898
mdd_ilp_solution_length:	111
mdd_ilp_upper_bound:	111
mdd_ilp_runtime:	3.19246
solution:	[229, 18, 115, 116, 157, 91, 142, 171, 100, 193, 130, 56, 183, 174, 119, 139, 49, 138, 136, 48, 21, 111, 237, 33, 155, 222, 38, 69, 71, 248, 55, 103, 121, 83, 210, 60, 156, 85, 106, 143, 179, 250, 254, 184, 198, 124, 129, 160, 26, 219, 72, 113, 178, 137, 202, 204, 152, 65, 81, 186, 240, 95, 70, 224, 42, 31, 123, 154, 97, 46, 125, 122, 164, 232, 206, 23, 251, 11, 247, 192, 8, 166, 96, 165, 190, 188, 162, 79, 148, 54, 225, 244, 213, 159, 53, 37, 220, 57, 19, 141, 135, 182, 211, 235, 77, 246, 109, 62, 167, 228, 40, ]
