solved:	true
solution_length:	59
upper_bound:	59
solution_runtime:	0.0526528
heuristic_solution_length:	59
heuristic_solution_runtime:	0.0349256
heuristic_runtime:	0.0518723
solving_forward:	true
reduction_is_complete:	true
reduction_quality:	1
reduction_upper_bound:	59
reduction_runtime:	0.000780337
mdd_memory_consumption [MB]:	0
main_process_memory_consumption [MB]:	0
match_ilp_solution_length:	59
match_ilp_upper_bound:	59
match_ilp_runtime:	9.2e-08
mdd_ilp_solution_length:	59
mdd_ilp_upper_bound:	59
mdd_ilp_runtime:	4e-08
solution:	[799, 91, 241, 531, 62, 170, 713, 174, 352, 461, 509, 281, 751, 448, 320, 216, 874, 589, 71, 165, 54, 465, 374, 717, 143, 807, 747, 233, 653, 392, 378, 336, 877, 759, 382, 401, 72, 591, 710, 131, 810, 397, 421, 52, 679, 55, 364, 684, 513, 527, 172, 346, 223, 39, 655, 665, 332, 144, 535, ]
