solved:	true
solution_length:	107
upper_bound:	107
solution_runtime:	2.2748
heuristic_solution_length:	107
heuristic_solution_runtime:	0.0732176
heuristic_runtime:	1.27783
solving_forward:	true
reduction_is_complete:	false
reduction_quality:	0.871575
reduction_upper_bound:	111
reduction_runtime:	0.243618
mdd_memory_consumption [MB]:	0
main_process_memory_consumption [MB]:	0
match_ilp_solution_length:	107
match_ilp_upper_bound:	107
match_ilp_runtime:	0.75336
mdd_ilp_solution_length:	107
mdd_ilp_upper_bound:	107
mdd_ilp_runtime:	0.26209
solution:	[6, 8, 148, 117, 154, 10, 219, 224, 0, 134, 121, 129, 196, 186, 151, 178, 27, 131, 21, 102, 168, 72, 39, 1, 157, 206, 245, 81, 33, 71, 233, 183, 138, 205, 127, 253, 116, 47, 164, 100, 171, 7, 68, 136, 103, 59, 60, 106, 114, 88, 204, 185, 14, 84, 19, 220, 65, 137, 46, 177, 87, 98, 95, 74, 79, 190, 173, 83, 145, 40, 104, 78, 109, 36, 191, 16, 13, 132, 216, 105, 56, 181, 44, 32, 17, 97, 194, 240, 199, 213, 58, 165, 2, 67, 192, 54, 80, 110, 5, 169, 135, 147, 18, 133, 234, 85, 107, ]
