solved:	true
solution_length:	70
upper_bound:	70
solution_runtime:	0.0692865
heuristic_solution_length:	70
heuristic_solution_runtime:	0.0355774
heuristic_runtime:	0.0680297
solving_forward:	true
reduction_is_complete:	true
reduction_quality:	1
reduction_upper_bound:	70
reduction_runtime:	0.00125673
mdd_memory_consumption [MB]:	0
main_process_memory_consumption [MB]:	0
match_ilp_solution_length:	70
match_ilp_upper_bound:	70
match_ilp_runtime:	9.7e-08
mdd_ilp_solution_length:	70
mdd_ilp_upper_bound:	70
mdd_ilp_runtime:	4.1e-08
solution:	[28, 90, 634, 347, 573, 150, 477, 417, 401, 253, 394, 614, 35, 439, 418, 71, 218, 503, 468, 326, 358, 140, 520, 159, 236, 134, 124, 590, 293, 562, 615, 625, 61, 215, 160, 225, 427, 223, 402, 37, 104, 507, 302, 263, 596, 582, 213, 374, 135, 490, 276, 52, 502, 597, 269, 586, 512, 166, 409, 572, 399, 430, 66, 442, 208, 552, 161, 406, 337, 546, ]
