solved:	true
solution_length:	75
upper_bound:	75
solution_runtime:	0.0646657
heuristic_solution_length:	75
heuristic_solution_runtime:	0.0361535
heuristic_runtime:	0.0636297
solving_forward:	true
reduction_is_complete:	true
reduction_quality:	1
reduction_upper_bound:	75
reduction_runtime:	0.0010359
mdd_memory_consumption [MB]:	0
main_process_memory_consumption [MB]:	0
match_ilp_solution_length:	75
match_ilp_upper_bound:	75
match_ilp_runtime:	9.2e-08
mdd_ilp_solution_length:	75
mdd_ilp_upper_bound:	75
mdd_ilp_runtime:	4.1e-08
solution:	[373, 144, 385, 239, 625, 135, 317, 157, 278, 548, 457, 555, 77, 381, 345, 36, 351, 124, 73, 397, 237, 531, 42, 87, 299, 326, 580, 181, 464, 617, 182, 96, 17, 198, 470, 508, 498, 463, 95, 586, 15, 422, 446, 251, 306, 149, 229, 520, 296, 134, 153, 302, 2, 39, 622, 51, 291, 205, 197, 121, 510, 253, 484, 93, 34, 459, 487, 175, 204, 360, 629, 119, 29, 534, 420, ]
