solved:	true
solution_length:	68
upper_bound:	68
solution_runtime:	0.0539013
heuristic_solution_length:	68
heuristic_solution_runtime:	0.0354952
heuristic_runtime:	0.0530082
solving_forward:	true
reduction_is_complete:	true
reduction_quality:	1
reduction_upper_bound:	68
reduction_runtime:	0.000892946
mdd_memory_consumption [MB]:	0
main_process_memory_consumption [MB]:	0
match_ilp_solution_length:	68
match_ilp_upper_bound:	68
match_ilp_runtime:	1e-07
mdd_ilp_solution_length:	68
mdd_ilp_upper_bound:	68
mdd_ilp_runtime:	4.2e-08
solution:	[297, 9, 740, 132, 149, 359, 670, 369, 702, 177, 321, 605, 218, 210, 206, 234, 751, 480, 144, 310, 201, 167, 620, 140, 105, 578, 545, 736, 329, 516, 306, 527, 506, 2, 760, 351, 536, 131, 233, 765, 651, 283, 262, 115, 484, 407, 763, 118, 371, 247, 22, 606, 520, 248, 180, 457, 690, 460, 750, 226, 703, 127, 508, 303, 712, 507, 79, 60, ]
