solved:	true
solution_length:	61
upper_bound:	61
solution_runtime:	0.0542004
heuristic_solution_length:	61
heuristic_solution_runtime:	0.0334463
heuristic_runtime:	0.0531391
solving_forward:	true
reduction_is_complete:	true
reduction_quality:	1
reduction_upper_bound:	61
reduction_runtime:	0.00106117
mdd_memory_consumption [MB]:	0
main_process_memory_consumption [MB]:	0
match_ilp_solution_length:	61
match_ilp_upper_bound:	61
match_ilp_runtime:	1.05e-07
mdd_ilp_solution_length:	61
mdd_ilp_upper_bound:	61
mdd_ilp_runtime:	4.1e-08
solution:	[680, 611, 396, 568, 348, 209, 151, 461, 482, 831, 221, 207, 829, 422, 189, 474, 833, 345, 467, 621, 488, 379, 305, 647, 628, 249, 332, 849, 253, 28, 742, 426, 26, 313, 46, 811, 203, 618, 181, 153, 122, 881, 655, 601, 144, 398, 776, 435, 18, 549, 842, 641, 707, 633, 283, 781, 190, 868, 148, 82, 558, ]
