solved:	true
solution_length:	78
upper_bound:	78
solution_runtime:	0.101251
heuristic_solution_length:	78
heuristic_solution_runtime:	0.0430498
heuristic_runtime:	0.0980867
solving_forward:	true
reduction_is_complete:	true
reduction_quality:	1
reduction_upper_bound:	78
reduction_runtime:	0.00316379
mdd_memory_consumption [MB]:	0
main_process_memory_consumption [MB]:	0
match_ilp_solution_length:	78
match_ilp_upper_bound:	78
match_ilp_runtime:	9.1e-08
mdd_ilp_solution_length:	78
mdd_ilp_upper_bound:	78
mdd_ilp_runtime:	4.1e-08
solution:	[261, 97, 193, 92, 129, 108, 35, 492, 419, 329, 114, 124, 328, 301, 102, 278, 340, 457, 498, 236, 295, 326, 439, 443, 233, 413, 31, 351, 270, 442, 335, 113, 283, 242, 204, 367, 235, 356, 143, 182, 219, 133, 128, 34, 106, 477, 406, 250, 72, 56, 303, 506, 23, 146, 505, 458, 430, 112, 60, 462, 142, 186, 210, 423, 157, 334, 299, 26, 61, 350, 176, 103, 180, 333, 397, 409, 207, 119, ]
