solved:	true
solution_length:	91
upper_bound:	91
solution_runtime:	0.154823
heuristic_solution_length:	91
heuristic_solution_runtime:	0.0467927
heuristic_runtime:	0.151266
solving_forward:	true
reduction_is_complete:	true
reduction_quality:	1
reduction_upper_bound:	91
reduction_runtime:	0.00355747
mdd_memory_consumption [MB]:	0
main_process_memory_consumption [MB]:	0
match_ilp_solution_length:	91
match_ilp_upper_bound:	91
match_ilp_runtime:	9.2e-08
mdd_ilp_solution_length:	91
mdd_ilp_upper_bound:	91
mdd_ilp_runtime:	5.6e-08
solution:	[46, 257, 59, 211, 161, 244, 23, 303, 306, 78, 81, 159, 177, 362, 268, 310, 136, 359, 17, 180, 304, 276, 210, 133, 124, 321, 68, 327, 314, 243, 116, 221, 106, 179, 140, 147, 162, 71, 246, 31, 154, 299, 163, 13, 301, 135, 355, 185, 29, 109, 368, 287, 270, 181, 283, 367, 22, 165, 269, 345, 307, 6, 111, 97, 93, 378, 313, 383, 137, 281, 79, 28, 0, 250, 356, 66, 61, 169, 247, 183, 24, 382, 85, 60, 174, 132, 38, 141, 335, 14, 233, ]
