solved:	true
solution_length:	73
upper_bound:	73
solution_runtime:	0.069095
heuristic_solution_length:	73
heuristic_solution_runtime:	0.0362319
heuristic_runtime:	0.067725
solving_forward:	true
reduction_is_complete:	true
reduction_quality:	1
reduction_upper_bound:	73
reduction_runtime:	0.00136994
mdd_memory_consumption [MB]:	0
main_process_memory_consumption [MB]:	0
match_ilp_solution_length:	73
match_ilp_upper_bound:	73
match_ilp_runtime:	9.8e-08
mdd_ilp_solution_length:	73
mdd_ilp_upper_bound:	73
mdd_ilp_runtime:	4e-08
solution:	[135, 132, 231, 551, 57, 46, 120, 494, 345, 354, 516, 475, 203, 221, 275, 417, 47, 268, 407, 131, 563, 500, 138, 297, 123, 385, 77, 164, 158, 350, 258, 586, 585, 634, 253, 481, 485, 393, 608, 168, 580, 272, 176, 262, 260, 266, 235, 601, 378, 568, 416, 300, 269, 535, 596, 134, 18, 577, 181, 17, 276, 487, 332, 222, 26, 348, 445, 409, 344, 618, 623, 85, 24, ]
