solved:	true
solution_length:	67
upper_bound:	67
solution_runtime:	0.0675461
heuristic_solution_length:	67
heuristic_solution_runtime:	0.0325541
heuristic_runtime:	0.0655503
solving_forward:	true
reduction_is_complete:	true
reduction_quality:	1
reduction_upper_bound:	67
reduction_runtime:	0.00199569
mdd_memory_consumption [MB]:	0
main_process_memory_consumption [MB]:	0
match_ilp_solution_length:	67
match_ilp_upper_bound:	67
match_ilp_runtime:	1e-07
mdd_ilp_solution_length:	67
mdd_ilp_upper_bound:	67
mdd_ilp_runtime:	3.3e-08
solution:	[22, 732, 299, 585, 210, 674, 332, 489, 354, 385, 162, 50, 495, 563, 676, 594, 140, 583, 313, 530, 425, 208, 479, 602, 437, 763, 89, 576, 626, 324, 161, 96, 589, 403, 701, 481, 330, 414, 66, 377, 587, 267, 251, 19, 647, 601, 720, 426, 273, 747, 387, 537, 672, 454, 289, 59, 548, 552, 132, 522, 615, 260, 700, 380, 532, 347, 130, ]
