solved:	true
solution_length:	64
upper_bound:	64
solution_runtime:	0.0355483
heuristic_solution_length:	64
heuristic_solution_runtime:	0.0349767
heuristic_runtime:	0.0355257
solving_forward:	true
reduction_is_complete:	true
reduction_quality:	1
reduction_upper_bound:	64
reduction_runtime:	2.2498e-05
mdd_memory_consumption [MB]:	0
main_process_memory_consumption [MB]:	0
match_ilp_solution_length:	64
match_ilp_upper_bound:	64
match_ilp_runtime:	1.1e-07
mdd_ilp_solution_length:	64
mdd_ilp_upper_bound:	64
mdd_ilp_runtime:	4.5e-08
solution:	[632, 20, 501, 92, 265, 478, 290, 56, 683, 124, 225, 314, 399, 657, 127, 70, 33, 654, 17, 59, 741, 295, 42, 80, 217, 502, 320, 650, 323, 517, 765, 489, 471, 83, 610, 423, 673, 705, 526, 628, 451, 508, 515, 16, 251, 247, 266, 237, 315, 621, 312, 465, 191, 420, 592, 529, 270, 170, 662, 738, 543, 618, 667, 552, ]
