solved:	true
solution_length:	64
upper_bound:	64
solution_runtime:	0.0549607
heuristic_solution_length:	64
heuristic_solution_runtime:	0.0333874
heuristic_runtime:	0.054183
solving_forward:	true
reduction_is_complete:	true
reduction_quality:	1
reduction_upper_bound:	64
reduction_runtime:	0.000777565
mdd_memory_consumption [MB]:	0
main_process_memory_consumption [MB]:	0
match_ilp_solution_length:	64
match_ilp_upper_bound:	64
match_ilp_runtime:	9.8e-08
mdd_ilp_solution_length:	64
mdd_ilp_upper_bound:	64
mdd_ilp_runtime:	4.1e-08
solution:	[254, 364, 682, 484, 53, 669, 326, 241, 351, 741, 493, 460, 369, 178, 232, 390, 608, 194, 313, 553, 357, 297, 329, 180, 403, 11, 679, 272, 671, 578, 645, 415, 380, 348, 685, 170, 229, 350, 23, 159, 405, 623, 737, 719, 99, 464, 301, 472, 174, 638, 266, 586, 384, 222, 75, 537, 105, 293, 540, 609, 510, 739, 130, 240, ]
