solved:	true
solution_length:	64
upper_bound:	64
solution_runtime:	0.0352834
heuristic_solution_length:	64
heuristic_solution_runtime:	0.0347133
heuristic_runtime:	0.0352614
solving_forward:	true
reduction_is_complete:	true
reduction_quality:	1
reduction_upper_bound:	64
reduction_runtime:	2.1902e-05
mdd_memory_consumption [MB]:	0
main_process_memory_consumption [MB]:	0
match_ilp_solution_length:	64
match_ilp_upper_bound:	64
match_ilp_runtime:	1.05e-07
mdd_ilp_solution_length:	64
mdd_ilp_upper_bound:	64
mdd_ilp_runtime:	4.4e-08
solution:	[390, 712, 161, 728, 678, 550, 723, 305, 681, 228, 764, 195, 661, 571, 590, 242, 422, 140, 257, 674, 315, 671, 226, 62, 731, 349, 420, 96, 708, 726, 107, 608, 256, 591, 709, 308, 636, 577, 752, 527, 221, 158, 650, 676, 313, 267, 498, 397, 610, 171, 251, 225, 421, 343, 125, 735, 153, 83, 680, 509, 244, 479, 677, 384, ]
