solved:	true
solution_length:	68
upper_bound:	68
solution_runtime:	0.0361726
heuristic_solution_length:	68
heuristic_solution_runtime:	0.0356001
heuristic_runtime:	0.0361481
solving_forward:	true
reduction_is_complete:	true
reduction_quality:	1
reduction_upper_bound:	68
reduction_runtime:	2.4475e-05
mdd_memory_consumption [MB]:	0
main_process_memory_consumption [MB]:	0
match_ilp_solution_length:	68
match_ilp_upper_bound:	68
match_ilp_runtime:	1.12e-07
mdd_ilp_solution_length:	68
mdd_ilp_upper_bound:	68
mdd_ilp_runtime:	4.4e-08
solution:	[462, 610, 222, 35, 138, 673, 48, 297, 709, 623, 574, 555, 142, 320, 143, 433, 262, 425, 620, 391, 139, 20, 274, 625, 591, 492, 371, 566, 306, 681, 386, 531, 178, 588, 474, 488, 527, 345, 236, 14, 599, 592, 41, 713, 42, 133, 533, 27, 260, 80, 161, 736, 466, 8, 428, 357, 381, 120, 164, 589, 114, 662, 340, 376, 205, 249, 303, 690, ]
