solved:	true
solution_length:	77
upper_bound:	77
solution_runtime:	0.0804093
heuristic_solution_length:	77
heuristic_solution_runtime:	0.0394675
heuristic_runtime:	0.0792536
solving_forward:	true
reduction_is_complete:	true
reduction_quality:	1
reduction_upper_bound:	77
reduction_runtime:	0.00115567
mdd_memory_consumption [MB]:	0
main_process_memory_consumption [MB]:	0
match_ilp_solution_length:	77
match_ilp_upper_bound:	77
match_ilp_runtime:	9.6e-08
mdd_ilp_solution_length:	77
mdd_ilp_upper_bound:	77
mdd_ilp_runtime:	4.5e-08
solution:	[115, 347, 9, 407, 485, 153, 157, 446, 413, 339, 452, 335, 71, 373, 127, 365, 338, 59, 81, 208, 184, 93, 271, 451, 104, 14, 394, 395, 411, 239, 417, 132, 100, 388, 364, 255, 42, 62, 376, 434, 450, 148, 326, 194, 50, 501, 43, 344, 300, 188, 444, 32, 327, 212, 283, 224, 45, 162, 213, 210, 462, 102, 189, 187, 319, 420, 331, 304, 73, 83, 355, 211, 258, 135, 232, 126, 186, ]
