solved:	true
solution_length:	66
upper_bound:	66
solution_runtime:	0.0343552
heuristic_solution_length:	66
heuristic_solution_runtime:	0.033809
heuristic_runtime:	0.0343344
solving_forward:	true
reduction_is_complete:	true
reduction_quality:	1
reduction_upper_bound:	66
reduction_runtime:	2.0723e-05
mdd_memory_consumption [MB]:	0
main_process_memory_consumption [MB]:	0
match_ilp_solution_length:	66
match_ilp_upper_bound:	66
match_ilp_runtime:	1.05e-07
mdd_ilp_solution_length:	66
mdd_ilp_upper_bound:	66
mdd_ilp_runtime:	3.7e-08
solution:	[288, 285, 211, 737, 650, 741, 476, 203, 701, 200, 576, 518, 67, 447, 455, 662, 438, 748, 72, 750, 156, 43, 602, 246, 250, 389, 635, 120, 324, 486, 468, 631, 99, 170, 757, 138, 94, 401, 11, 188, 674, 572, 218, 175, 439, 717, 23, 742, 155, 482, 564, 697, 63, 660, 241, 758, 276, 278, 228, 122, 131, 243, 310, 484, 354, 534, ]
