solved:	true
solution_length:	58
upper_bound:	58
solution_runtime:	0.0353596
heuristic_solution_length:	58
heuristic_solution_runtime:	0.0348076
heuristic_runtime:	0.0353295
solving_forward:	true
reduction_is_complete:	true
reduction_quality:	1
reduction_upper_bound:	58
reduction_runtime:	3.0021e-05
mdd_memory_consumption [MB]:	0
main_process_memory_consumption [MB]:	0
match_ilp_solution_length:	58
match_ilp_upper_bound:	58
match_ilp_runtime:	1.1e-07
mdd_ilp_solution_length:	58
mdd_ilp_upper_bound:	58
mdd_ilp_runtime:	4.7e-08
solution:	[397, 691, 4, 291, 259, 678, 394, 8, 162, 217, 95, 817, 96, 773, 485, 142, 61, 777, 648, 693, 418, 42, 78, 524, 683, 266, 618, 658, 895, 839, 463, 609, 220, 71, 630, 534, 508, 152, 363, 460, 247, 451, 790, 552, 382, 856, 498, 75, 736, 403, 119, 696, 338, 401, 326, 491, 407, 541, ]
