solved:	true
solution_length:	44
upper_bound:	44
solution_runtime:	0.0117609
heuristic_solution_length:	44
heuristic_solution_runtime:	0.0116699
heuristic_runtime:	0.0117576
solving_forward:	true
reduction_is_complete:	true
reduction_quality:	1
reduction_upper_bound:	44
reduction_runtime:	3.215e-06
mdd_memory_consumption [MB]:	0
main_process_memory_consumption [MB]:	0
match_ilp_solution_length:	44
match_ilp_upper_bound:	44
match_ilp_runtime:	1.74e-07
mdd_ilp_solution_length:	44
mdd_ilp_upper_bound:	44
mdd_ilp_runtime:	5.6e-08
solution:	[211, 175, 37, 380, 127, 275, 201, 168, 265, 94, 139, 378, 173, 122, 88, 110, 256, 57, 254, 349, 207, 177, 206, 314, 253, 50, 187, 196, 64, 132, 112, 96, 266, 118, 257, 82, 56, 24, 208, 317, 277, 145, 361, 153, ]
