solved:	true
solution_length:	60
upper_bound:	60
solution_runtime:	0.0662005
heuristic_solution_length:	60
heuristic_solution_runtime:	0.0144901
heuristic_runtime:	0.0615599
solving_forward:	true
reduction_is_complete:	true
reduction_quality:	1
reduction_upper_bound:	60
reduction_runtime:	0.00464052
mdd_memory_consumption [MB]:	0
main_process_memory_consumption [MB]:	0
match_ilp_solution_length:	60
match_ilp_upper_bound:	60
match_ilp_runtime:	9.6e-08
mdd_ilp_solution_length:	60
mdd_ilp_upper_bound:	60
mdd_ilp_runtime:	4.1e-08
solution:	[32, 174, 22, 48, 180, 61, 28, 93, 189, 85, 44, 164, 57, 183, 71, 114, 110, 101, 25, 53, 76, 105, 160, 168, 122, 63, 95, 78, 27, 106, 87, 133, 62, 104, 64, 86, 140, 191, 83, 157, 26, 159, 113, 182, 58, 99, 56, 179, 162, 173, 67, 92, 120, 139, 65, 166, 128, 149, 18, 156, ]
