solved:	true
solution_length:	42
upper_bound:	42
solution_runtime:	0.0110774
heuristic_solution_length:	42
heuristic_solution_runtime:	0.0108548
heuristic_runtime:	0.0110555
solving_forward:	true
reduction_is_complete:	true
reduction_quality:	1
reduction_upper_bound:	42
reduction_runtime:	2.1754e-05
mdd_memory_consumption [MB]:	0
main_process_memory_consumption [MB]:	0
match_ilp_solution_length:	42
match_ilp_upper_bound:	42
match_ilp_runtime:	1.31e-07
mdd_ilp_solution_length:	42
mdd_ilp_upper_bound:	42
mdd_ilp_runtime:	5.8e-08
solution:	[433, 267, 337, 345, 300, 253, 112, 60, 363, 59, 58, 74, 316, 403, 288, 272, 82, 46, 90, 312, 405, 130, 375, 287, 215, 168, 136, 132, 371, 76, 198, 329, 271, 116, 152, 80, 187, 317, 23, 223, 123, 192, ]
