solved:	true
solution_length:	46
upper_bound:	46
solution_runtime:	0.0109868
heuristic_solution_length:	46
heuristic_solution_runtime:	0.0107826
heuristic_runtime:	0.0109638
solving_forward:	true
reduction_is_complete:	true
reduction_quality:	1
reduction_upper_bound:	46
reduction_runtime:	2.283e-05
mdd_memory_consumption [MB]:	0
main_process_memory_consumption [MB]:	0
match_ilp_solution_length:	46
match_ilp_upper_bound:	46
match_ilp_runtime:	1.32e-07
mdd_ilp_solution_length:	46
mdd_ilp_upper_bound:	46
mdd_ilp_runtime:	5.6e-08
solution:	[123, 33, 299, 48, 257, 346, 56, 50, 373, 344, 350, 9, 154, 362, 374, 32, 12, 242, 232, 327, 106, 0, 39, 290, 331, 122, 233, 253, 372, 126, 297, 79, 229, 260, 276, 125, 70, 17, 292, 63, 300, 88, 254, 190, 351, 179, ]
