solved:	true
solution_length:	38
upper_bound:	38
solution_runtime:	0.0110027
heuristic_solution_length:	38
heuristic_solution_runtime:	0.0107367
heuristic_runtime:	0.0109772
solving_forward:	true
reduction_is_complete:	true
reduction_quality:	1
reduction_upper_bound:	38
reduction_runtime:	2.5433e-05
mdd_memory_consumption [MB]:	0
main_process_memory_consumption [MB]:	0
match_ilp_solution_length:	38
match_ilp_upper_bound:	38
match_ilp_runtime:	1.41e-07
mdd_ilp_solution_length:	38
mdd_ilp_upper_bound:	38
mdd_ilp_runtime:	5.8e-08
solution:	[39, 401, 135, 289, 19, 274, 374, 241, 443, 156, 420, 203, 92, 33, 335, 366, 382, 162, 32, 190, 155, 91, 89, 268, 98, 21, 239, 370, 51, 240, 208, 159, 249, 222, 396, 61, 221, 62, ]
