solved:	true
solution_length:	54
upper_bound:	54
solution_runtime:	0.104103
heuristic_solution_length:	54
heuristic_solution_runtime:	0.0121735
heuristic_runtime:	0.0996816
solving_forward:	true
reduction_is_complete:	true
reduction_quality:	1
reduction_upper_bound:	54
reduction_runtime:	0.0044209
mdd_memory_consumption [MB]:	0
main_process_memory_consumption [MB]:	0
match_ilp_solution_length:	54
match_ilp_upper_bound:	54
match_ilp_runtime:	4.56e-07
mdd_ilp_solution_length:	54
mdd_ilp_upper_bound:	54
mdd_ilp_runtime:	1.42e-07
solution:	[36, 148, 79, 48, 254, 145, 104, 58, 161, 154, 49, 157, 63, 255, 224, 240, 227, 99, 230, 26, 61, 55, 31, 244, 0, 233, 7, 39, 2, 89, 1, 250, 135, 221, 176, 153, 253, 69, 166, 81, 42, 50, 87, 45, 189, 123, 20, 47, 246, 113, 211, 125, 175, 43, ]
