solved:	true
solution_length:	45
upper_bound:	45
solution_runtime:	0.0124208
heuristic_solution_length:	45
heuristic_solution_runtime:	0.0121429
heuristic_runtime:	0.0123855
solving_forward:	true
reduction_is_complete:	true
reduction_quality:	1
reduction_upper_bound:	45
reduction_runtime:	3.5151e-05
mdd_memory_consumption [MB]:	0
main_process_memory_consumption [MB]:	0
match_ilp_solution_length:	45
match_ilp_upper_bound:	45
match_ilp_runtime:	1.35e-07
mdd_ilp_solution_length:	45
mdd_ilp_upper_bound:	45
mdd_ilp_runtime:	5.7e-08
solution:	[46, 31, 181, 127, 209, 224, 18, 143, 213, 68, 278, 226, 125, 164, 191, 222, 319, 200, 317, 314, 53, 216, 310, 121, 286, 51, 172, 305, 289, 75, 308, 186, 312, 304, 190, 284, 102, 232, 266, 76, 56, 109, 25, 217, 163, ]
