solved:	true
solution_length:	52
upper_bound:	52
solution_runtime:	0.0367192
heuristic_solution_length:	52
heuristic_solution_runtime:	0.0123474
heuristic_runtime:	0.0343095
solving_forward:	true
reduction_is_complete:	true
reduction_quality:	1
reduction_upper_bound:	52
reduction_runtime:	0.00240965
mdd_memory_consumption [MB]:	0
main_process_memory_consumption [MB]:	0
match_ilp_solution_length:	52
match_ilp_upper_bound:	52
match_ilp_runtime:	9.9e-08
mdd_ilp_solution_length:	52
mdd_ilp_upper_bound:	52
mdd_ilp_runtime:	4.4e-08
solution:	[174, 141, 75, 205, 199, 90, 99, 137, 218, 233, 227, 37, 244, 181, 53, 224, 80, 103, 153, 229, 42, 1, 189, 117, 144, 96, 62, 5, 18, 159, 143, 213, 232, 185, 240, 120, 9, 219, 51, 246, 235, 107, 85, 88, 155, 35, 147, 178, 187, 6, 248, 41, ]
