solved:	true
solution_length:	43
upper_bound:	43
solution_runtime:	0.0107319
heuristic_solution_length:	43
heuristic_solution_runtime:	0.0104715
heuristic_runtime:	0.0107083
solving_forward:	true
reduction_is_complete:	true
reduction_quality:	1
reduction_upper_bound:	43
reduction_runtime:	2.3467e-05
mdd_memory_consumption [MB]:	0
main_process_memory_consumption [MB]:	0
match_ilp_solution_length:	43
match_ilp_upper_bound:	43
match_ilp_runtime:	1.38e-07
mdd_ilp_solution_length:	43
mdd_ilp_upper_bound:	43
mdd_ilp_runtime:	5.8e-08
solution:	[22, 102, 168, 376, 276, 187, 109, 2, 53, 80, 97, 0, 441, 344, 16, 316, 134, 100, 258, 155, 294, 180, 130, 27, 343, 116, 386, 15, 3, 222, 327, 334, 242, 412, 206, 380, 388, 131, 171, 129, 231, 1, 85, ]
