solved:	true
solution_length:	44
upper_bound:	44
solution_runtime:	0.0279373
heuristic_solution_length:	44
heuristic_solution_runtime:	0.0111174
heuristic_runtime:	0.0268049
solving_forward:	true
reduction_is_complete:	true
reduction_quality:	1
reduction_upper_bound:	44
reduction_runtime:	0.00113235
mdd_memory_consumption [MB]:	0
main_process_memory_consumption [MB]:	0
match_ilp_solution_length:	44
match_ilp_upper_bound:	44
match_ilp_runtime:	1.05e-07
mdd_ilp_solution_length:	44
mdd_ilp_upper_bound:	44
mdd_ilp_runtime:	5.4e-08
solution:	[68, 62, 56, 298, 20, 240, 294, 8, 103, 293, 246, 234, 238, 187, 52, 267, 93, 310, 266, 105, 83, 237, 318, 55, 63, 304, 125, 188, 90, 245, 84, 259, 147, 77, 1, 280, 110, 106, 79, 279, 226, 222, 275, 80, ]
