solved:	true
solution_length:	44
upper_bound:	44
solution_runtime:	0.0292106
heuristic_solution_length:	44
heuristic_solution_runtime:	0.0120772
heuristic_runtime:	0.0277369
solving_forward:	true
reduction_is_complete:	true
reduction_quality:	1
reduction_upper_bound:	44
reduction_runtime:	0.00147359
mdd_memory_consumption [MB]:	0
main_process_memory_consumption [MB]:	0
match_ilp_solution_length:	44
match_ilp_upper_bound:	44
match_ilp_runtime:	1.65e-07
mdd_ilp_solution_length:	44
mdd_ilp_upper_bound:	44
mdd_ilp_runtime:	7.2e-08
solution:	[23, 29, 232, 172, 65, 292, 192, 257, 322, 119, 332, 261, 302, 61, 107, 106, 297, 361, 125, 155, 371, 210, 154, 295, 381, 243, 30, 39, 1, 178, 100, 90, 160, 267, 59, 43, 159, 171, 69, 221, 349, 326, 315, 152, ]
