solved:	true
solution_length:	65
upper_bound:	65
solution_runtime:	0.0763688
heuristic_solution_length:	65
heuristic_solution_runtime:	0.0217916
heuristic_runtime:	0.0713906
solving_forward:	true
reduction_is_complete:	true
reduction_quality:	1
reduction_upper_bound:	65
reduction_runtime:	0.00497805
mdd_memory_consumption [MB]:	0
main_process_memory_consumption [MB]:	0
match_ilp_solution_length:	65
match_ilp_upper_bound:	65
match_ilp_runtime:	9.2e-08
mdd_ilp_solution_length:	65
mdd_ilp_upper_bound:	65
mdd_ilp_runtime:	4.1e-08
solution:	[184, 131, 136, 74, 92, 177, 76, 175, 29, 171, 89, 118, 119, 33, 77, 186, 62, 165, 116, 25, 103, 122, 70, 163, 38, 138, 173, 100, 22, 54, 174, 117, 191, 157, 179, 190, 146, 185, 68, 154, 152, 128, 78, 151, 81, 99, 73, 36, 26, 140, 162, 139, 32, 41, 46, 105, 88, 135, 159, 11, 95, 16, 94, 106, 170, ]
