solved:	true
solution_length:	59
upper_bound:	59
solution_runtime:	0.176693
heuristic_solution_length:	59
heuristic_solution_runtime:	0.014659
heuristic_runtime:	0.126368
solving_forward:	true
reduction_is_complete:	false
reduction_quality:	0.88078
reduction_upper_bound:	61
reduction_runtime:	0.0386721
mdd_memory_consumption [MB]:	0
main_process_memory_consumption [MB]:	0
match_ilp_solution_length:	59
match_ilp_upper_bound:	59
match_ilp_runtime:	0.0116534
mdd_ilp_solution_length:	59
mdd_ilp_upper_bound:	59
mdd_ilp_runtime:	0.0104773
solution:	[144, 190, 142, 43, 147, 188, 24, 61, 28, 81, 102, 183, 71, 12, 109, 70, 154, 171, 49, 26, 87, 11, 62, 97, 111, 164, 77, 138, 9, 79, 149, 104, 20, 57, 96, 4, 161, 7, 98, 63, 5, 39, 103, 27, 53, 170, 1, 112, 69, 120, 117, 56, 159, 141, 30, 131, 151, 93, 181, ]
