solved:	true
solution_length:	64
upper_bound:	64
solution_runtime:	0.088833
heuristic_solution_length:	64
heuristic_solution_runtime:	0.0886009
heuristic_runtime:	0.08883
solving_forward:	true
reduction_is_complete:	true
reduction_quality:	1
reduction_upper_bound:	64
reduction_runtime:	2.808e-06
mdd_memory_consumption [MB]:	0
main_process_memory_consumption [MB]:	0
match_ilp_solution_length:	64
match_ilp_upper_bound:	64
match_ilp_runtime:	1.3e-07
mdd_ilp_solution_length:	64
mdd_ilp_upper_bound:	64
mdd_ilp_runtime:	4.1e-08
solution:	[40, 2, 38, 52, 14, 5, 56, 57, 50, 23, 59, 4, 26, 22, 46, 32, 7, 21, 13, 63, 18, 51, 42, 29, 10, 60, 55, 31, 53, 54, 33, 35, 8, 41, 25, 30, 17, 28, 45, 39, 47, 19, 3, 16, 20, 1, 0, 58, 27, 24, 61, 34, 62, 11, 15, 6, 37, 43, 48, 49, 36, 44, 12, 9, ]
