solved:	true
solution_length:	43
upper_bound:	43
solution_runtime:	0.0117745
heuristic_solution_length:	43
heuristic_solution_runtime:	0.0114789
heuristic_runtime:	0.0117522
solving_forward:	true
reduction_is_complete:	true
reduction_quality:	1
reduction_upper_bound:	43
reduction_runtime:	2.2169e-05
mdd_memory_consumption [MB]:	0
main_process_memory_consumption [MB]:	0
match_ilp_solution_length:	43
match_ilp_upper_bound:	43
match_ilp_runtime:	1.39e-07
mdd_ilp_solution_length:	43
mdd_ilp_upper_bound:	43
mdd_ilp_runtime:	5.8e-08
solution:	[183, 65, 154, 218, 204, 121, 99, 313, 337, 255, 197, 151, 215, 98, 279, 189, 212, 376, 312, 84, 168, 10, 289, 333, 53, 265, 365, 305, 29, 195, 15, 77, 135, 24, 90, 66, 214, 68, 50, 199, 91, 355, 231, ]
