solved:	true
solution_length:	61
upper_bound:	61
solution_runtime:	0.0321905
heuristic_solution_length:	61
heuristic_solution_runtime:	0.0144646
heuristic_runtime:	0.031726
solving_forward:	true
reduction_is_complete:	true
reduction_quality:	1
reduction_upper_bound:	61
reduction_runtime:	0.0004644
mdd_memory_consumption [MB]:	0
main_process_memory_consumption [MB]:	0
match_ilp_solution_length:	61
match_ilp_upper_bound:	61
match_ilp_runtime:	1.01e-07
mdd_ilp_solution_length:	61
mdd_ilp_upper_bound:	61
mdd_ilp_runtime:	4.9e-08
solution:	[186, 153, 45, 27, 182, 135, 76, 3, 147, 33, 34, 11, 189, 172, 106, 179, 171, 157, 187, 9, 79, 98, 99, 44, 2, 12, 57, 72, 46, 16, 130, 159, 91, 90, 176, 96, 19, 60, 5, 87, 170, 13, 174, 109, 116, 49, 188, 175, 50, 103, 155, 25, 81, 123, 29, 139, 71, 22, 124, 102, 89, ]
