solved:	true
solution_length:	64
upper_bound:	64
solution_runtime:	0.0613335
heuristic_solution_length:	64
heuristic_solution_runtime:	0.0612525
heuristic_runtime:	0.0613295
solving_forward:	true
reduction_is_complete:	true
reduction_quality:	1
reduction_upper_bound:	64
reduction_runtime:	3.853e-06
mdd_memory_consumption [MB]:	0
main_process_memory_consumption [MB]:	0
match_ilp_solution_length:	64
match_ilp_upper_bound:	64
match_ilp_runtime:	1.28e-07
mdd_ilp_solution_length:	64
mdd_ilp_upper_bound:	64
mdd_ilp_runtime:	3.3e-08
solution:	[58, 2, 28, 32, 51, 25, 1, 15, 34, 11, 24, 43, 41, 0, 31, 42, 30, 33, 29, 47, 44, 36, 12, 61, 39, 52, 50, 59, 53, 6, 20, 10, 27, 5, 45, 38, 17, 55, 3, 21, 8, 54, 35, 57, 13, 37, 16, 56, 40, 26, 19, 18, 62, 60, 4, 9, 23, 49, 48, 14, 7, 46, 63, 22, ]
