solved:	true
solution_length:	57
upper_bound:	57
solution_runtime:	1.6105
heuristic_solution_length:	57
heuristic_solution_runtime:	0.0147595
heuristic_runtime:	0.15762
solving_forward:	true
reduction_is_complete:	false
reduction_quality:	0.743343
reduction_upper_bound:	59
reduction_runtime:	0.0606411
mdd_memory_consumption [MB]:	0
main_process_memory_consumption [MB]:	0
match_ilp_solution_length:	57
match_ilp_upper_bound:	57
match_ilp_runtime:	1.39224
mdd_ilp_solution_length:	57
mdd_ilp_upper_bound:	57
mdd_ilp_runtime:	0.019685
solution:	[65, 118, 103, 97, 76, 55, 18, 81, 11, 175, 109, 191, 28, 187, 43, 155, 13, 79, 59, 52, 23, 74, 106, 78, 166, 134, 71, 117, 190, 94, 181, 25, 125, 121, 184, 114, 138, 110, 24, 140, 16, 89, 169, 120, 108, 102, 158, 66, 22, 123, 144, 150, 157, 186, 148, 51, 42, ]
