solved:	true
solution_length:	56
upper_bound:	56
solution_runtime:	0.0133941
heuristic_solution_length:	56
heuristic_solution_runtime:	0.0133697
heuristic_runtime:	0.0133911
solving_forward:	true
reduction_is_complete:	true
reduction_quality:	1
reduction_upper_bound:	56
reduction_runtime:	2.91e-06
mdd_memory_consumption [MB]:	0
main_process_memory_consumption [MB]:	0
match_ilp_solution_length:	56
match_ilp_upper_bound:	56
match_ilp_runtime:	1.28e-07
mdd_ilp_solution_length:	56
mdd_ilp_upper_bound:	56
mdd_ilp_runtime:	5.6e-08
solution:	[44, 98, 178, 93, 111, 45, 21, 49, 204, 142, 170, 220, 58, 34, 150, 112, 114, 176, 39, 128, 127, 244, 105, 246, 78, 17, 120, 77, 33, 180, 90, 159, 177, 14, 215, 52, 219, 217, 48, 231, 247, 56, 179, 36, 175, 134, 245, 216, 143, 144, 249, 25, 251, 135, 47, 241, ]
