solved:	true
solution_length:	41
upper_bound:	41
solution_runtime:	0.0172197
heuristic_solution_length:	41
heuristic_solution_runtime:	0.0104536
heuristic_runtime:	0.0167353
solving_forward:	true
reduction_is_complete:	true
reduction_quality:	1
reduction_upper_bound:	41
reduction_runtime:	0.000484277
mdd_memory_consumption [MB]:	0
main_process_memory_consumption [MB]:	0
match_ilp_solution_length:	41
match_ilp_upper_bound:	41
match_ilp_runtime:	1.19e-07
mdd_ilp_solution_length:	41
mdd_ilp_upper_bound:	41
mdd_ilp_runtime:	5.4e-08
solution:	[371, 221, 149, 420, 223, 316, 407, 139, 20, 182, 197, 284, 177, 293, 73, 49, 409, 361, 385, 0, 318, 399, 32, 280, 170, 173, 440, 446, 271, 288, 227, 207, 427, 340, 107, 352, 251, 100, 323, 138, 397, ]
