solved:	true
solution_length:	44
upper_bound:	44
solution_runtime:	0.0182461
heuristic_solution_length:	44
heuristic_solution_runtime:	0.0107975
heuristic_runtime:	0.0177509
solving_forward:	true
reduction_is_complete:	true
reduction_quality:	1
reduction_upper_bound:	44
reduction_runtime:	0.000495055
mdd_memory_consumption [MB]:	0
main_process_memory_consumption [MB]:	0
match_ilp_solution_length:	44
match_ilp_upper_bound:	44
match_ilp_runtime:	1.22e-07
mdd_ilp_solution_length:	44
mdd_ilp_upper_bound:	44
mdd_ilp_runtime:	5.5e-08
solution:	[372, 19, 278, 375, 295, 180, 209, 344, 235, 204, 114, 139, 310, 248, 16, 152, 210, 285, 52, 0, 11, 44, 15, 106, 264, 151, 382, 172, 236, 20, 301, 374, 42, 115, 43, 254, 368, 320, 5, 246, 193, 260, 138, 228, ]
