solved:	true
solution_length:	62
upper_bound:	62
solution_runtime:	0.0368107
heuristic_solution_length:	62
heuristic_solution_runtime:	0.0164945
heuristic_runtime:	0.0358623
solving_forward:	true
reduction_is_complete:	true
reduction_quality:	1
reduction_upper_bound:	62
reduction_runtime:	0.0009483
mdd_memory_consumption [MB]:	0
main_process_memory_consumption [MB]:	0
match_ilp_solution_length:	62
match_ilp_upper_bound:	62
match_ilp_runtime:	1.19e-07
mdd_ilp_solution_length:	62
mdd_ilp_upper_bound:	62
mdd_ilp_runtime:	4.4e-08
solution:	[191, 43, 96, 92, 93, 102, 53, 188, 141, 103, 10, 9, 12, 61, 158, 138, 169, 90, 172, 28, 68, 182, 50, 83, 174, 31, 176, 55, 76, 77, 24, 4, 47, 40, 78, 91, 171, 128, 107, 5, 3, 173, 1, 32, 162, 38, 21, 51, 86, 190, 39, 37, 80, 62, 163, 170, 148, 70, 73, 85, 16, 60, ]
