solved:	true
solution_length:	64
upper_bound:	64
solution_runtime:	0.147054
heuristic_solution_length:	64
heuristic_solution_runtime:	0.146744
heuristic_runtime:	0.147051
solving_forward:	true
reduction_is_complete:	true
reduction_quality:	1
reduction_upper_bound:	64
reduction_runtime:	2.832e-06
mdd_memory_consumption [MB]:	0
main_process_memory_consumption [MB]:	0
match_ilp_solution_length:	64
match_ilp_upper_bound:	64
match_ilp_runtime:	1.27e-07
mdd_ilp_solution_length:	64
mdd_ilp_upper_bound:	64
mdd_ilp_runtime:	4.1e-08
solution:	[7, 13, 19, 14, 15, 35, 34, 59, 6, 48, 61, 30, 62, 63, 17, 20, 45, 47, 39, 10, 29, 1, 53, 3, 18, 51, 50, 8, 38, 43, 58, 28, 5, 12, 49, 25, 0, 9, 36, 60, 31, 42, 40, 24, 33, 4, 26, 23, 2, 44, 16, 37, 54, 46, 56, 27, 32, 55, 57, 22, 52, 41, 21, 11, ]
