solved:	true
solution_length:	42
upper_bound:	42
solution_runtime:	0.0150932
heuristic_solution_length:	42
heuristic_solution_runtime:	0.00953584
heuristic_runtime:	0.014704
solving_forward:	true
reduction_is_complete:	true
reduction_quality:	1
reduction_upper_bound:	42
reduction_runtime:	0.000389078
mdd_memory_consumption [MB]:	0
main_process_memory_consumption [MB]:	0
match_ilp_solution_length:	42
match_ilp_upper_bound:	42
match_ilp_runtime:	1.21e-07
mdd_ilp_solution_length:	42
mdd_ilp_upper_bound:	42
mdd_ilp_runtime:	5.4e-08
solution:	[82, 26, 273, 41, 33, 96, 439, 295, 208, 32, 342, 317, 189, 173, 275, 261, 60, 410, 108, 36, 68, 278, 147, 230, 255, 130, 231, 283, 309, 395, 396, 133, 201, 177, 375, 198, 303, 430, 411, 384, 372, 84, ]
