solved:	true
solution_length:	39
upper_bound:	39
solution_runtime:	0.010479
heuristic_solution_length:	39
heuristic_solution_runtime:	0.0102276
heuristic_runtime:	0.0104573
solving_forward:	true
reduction_is_complete:	true
reduction_quality:	1
reduction_upper_bound:	39
reduction_runtime:	2.1558e-05
mdd_memory_consumption [MB]:	0
main_process_memory_consumption [MB]:	0
match_ilp_solution_length:	39
match_ilp_upper_bound:	39
match_ilp_runtime:	1.39e-07
mdd_ilp_solution_length:	39
mdd_ilp_upper_bound:	39
mdd_ilp_runtime:	4.4e-08
solution:	[320, 369, 97, 33, 146, 375, 298, 160, 49, 337, 176, 133, 174, 349, 322, 180, 200, 149, 4, 103, 16, 221, 52, 105, 268, 366, 47, 302, 249, 283, 5, 39, 289, 79, 55, 90, 256, 267, 411, ]
