solved:	true
solution_length:	67
upper_bound:	67
solution_runtime:	248.691
heuristic_solution_length:	67
heuristic_solution_runtime:	0.0245167
heuristic_runtime:	0.550977
solving_forward:	true
reduction_is_complete:	false
reduction_quality:	0.487327
reduction_upper_bound:	72
reduction_runtime:	0.240476
mdd_memory_consumption [MB]:	0
main_process_memory_consumption [MB]:	0
match_ilp_solution_length:	67
match_ilp_upper_bound:	67
match_ilp_runtime:	247.9
mdd_ilp_solution_length:	67
mdd_ilp_upper_bound:	67
mdd_ilp_runtime:	648.194
solution:	[55, 92, 102, 119, 98, 79, 83, 1, 124, 70, 51, 71, 69, 5, 75, 112, 94, 9, 65, 101, 7, 22, 35, 10, 15, 114, 113, 118, 108, 33, 53, 52, 62, 76, 115, 36, 27, 80, 104, 116, 64, 100, 66, 19, 12, 110, 60, 63, 123, 3, 120, 73, 126, 56, 28, 105, 59, 127, 4, 77, 90, 82, 85, 44, 111, 49, 57, ]
