solved:	true
solution_length:	69
upper_bound:	69
solution_runtime:	15.341
heuristic_solution_length:	69
heuristic_solution_runtime:	0.021253
heuristic_runtime:	0.444308
solving_forward:	true
reduction_is_complete:	false
reduction_quality:	0.719062
reduction_upper_bound:	74
reduction_runtime:	0.156558
mdd_memory_consumption [MB]:	0
main_process_memory_consumption [MB]:	0
match_ilp_solution_length:	69
match_ilp_upper_bound:	69
match_ilp_runtime:	14.7402
mdd_ilp_solution_length:	69
mdd_ilp_upper_bound:	69
mdd_ilp_runtime:	2.91097
solution:	[11, 24, 20, 30, 49, 68, 100, 72, 74, 61, 102, 15, 3, 27, 91, 56, 39, 1, 34, 81, 67, 9, 19, 82, 42, 77, 118, 124, 85, 126, 5, 37, 104, 23, 78, 16, 71, 29, 119, 122, 31, 87, 26, 113, 4, 25, 6, 109, 69, 83, 32, 92, 110, 106, 89, 75, 93, 120, 79, 97, 60, 51, 96, 53, 73, 10, 58, 114, 123, ]
