solved:	true
solution_length:	47
upper_bound:	47
solution_runtime:	0.042963
heuristic_solution_length:	47
heuristic_solution_runtime:	0.0121669
heuristic_runtime:	0.0408075
solving_forward:	true
reduction_is_complete:	true
reduction_quality:	1
reduction_upper_bound:	47
reduction_runtime:	0.0021554
mdd_memory_consumption [MB]:	0
main_process_memory_consumption [MB]:	0
match_ilp_solution_length:	47
match_ilp_upper_bound:	47
match_ilp_runtime:	9.8e-08
mdd_ilp_solution_length:	47
mdd_ilp_upper_bound:	47
mdd_ilp_runtime:	4.4e-08
solution:	[21, 64, 133, 19, 66, 233, 212, 156, 59, 225, 80, 174, 24, 114, 42, 205, 122, 26, 175, 73, 70, 16, 118, 33, 60, 160, 123, 87, 18, 234, 11, 204, 129, 195, 251, 177, 57, 85, 8, 89, 252, 219, 143, 240, 115, 0, 77, ]
