solved:	true
solution_length:	44
upper_bound:	44
solution_runtime:	0.0106716
heuristic_solution_length:	44
heuristic_solution_runtime:	0.0103743
heuristic_runtime:	0.0106485
solving_forward:	true
reduction_is_complete:	true
reduction_quality:	1
reduction_upper_bound:	44
reduction_runtime:	2.2903e-05
mdd_memory_consumption [MB]:	0
main_process_memory_consumption [MB]:	0
match_ilp_solution_length:	44
match_ilp_upper_bound:	44
match_ilp_runtime:	1.34e-07
mdd_ilp_solution_length:	44
mdd_ilp_upper_bound:	44
mdd_ilp_runtime:	5.9e-08
solution:	[65, 156, 78, 155, 166, 61, 240, 242, 349, 199, 254, 97, 299, 202, 270, 159, 253, 196, 115, 228, 6, 186, 311, 241, 227, 267, 322, 346, 309, 111, 198, 127, 218, 59, 307, 25, 51, 205, 301, 167, 316, 369, 24, 368, ]
