solved:	true
solution_length:	58
upper_bound:	58
solution_runtime:	0.0920323
heuristic_solution_length:	58
heuristic_solution_runtime:	0.014204
heuristic_runtime:	0.0835148
solving_forward:	true
reduction_is_complete:	true
reduction_quality:	1
reduction_upper_bound:	58
reduction_runtime:	0.00851744
mdd_memory_consumption [MB]:	0
main_process_memory_consumption [MB]:	0
match_ilp_solution_length:	58
match_ilp_upper_bound:	58
match_ilp_runtime:	9.6e-08
mdd_ilp_solution_length:	58
mdd_ilp_upper_bound:	58
mdd_ilp_runtime:	4.1e-08
solution:	[129, 67, 168, 7, 93, 15, 102, 96, 66, 60, 107, 105, 187, 153, 150, 165, 36, 4, 56, 142, 92, 37, 18, 48, 134, 183, 182, 108, 11, 80, 38, 47, 177, 17, 84, 5, 46, 75, 139, 109, 135, 146, 145, 138, 99, 85, 166, 115, 136, 186, 112, 41, 8, 157, 63, 28, 103, 51, ]
