solved:	true
solution_length:	64
upper_bound:	64
solution_runtime:	0.0559449
heuristic_solution_length:	64
heuristic_solution_runtime:	0.0540569
heuristic_runtime:	0.0559371
solving_forward:	true
reduction_is_complete:	true
reduction_quality:	1
reduction_upper_bound:	64
reduction_runtime:	7.718e-06
mdd_memory_consumption [MB]:	0
main_process_memory_consumption [MB]:	0
match_ilp_solution_length:	64
match_ilp_upper_bound:	64
match_ilp_runtime:	1.04e-07
mdd_ilp_solution_length:	64
mdd_ilp_upper_bound:	64
mdd_ilp_runtime:	4.4e-08
solution:	[13, 23, 39, 21, 35, 51, 20, 36, 62, 44, 17, 16, 33, 60, 58, 34, 47, 7, 26, 50, 55, 1, 40, 46, 52, 9, 42, 63, 38, 27, 4, 30, 0, 14, 41, 10, 48, 8, 22, 45, 59, 24, 25, 57, 61, 11, 29, 37, 12, 5, 31, 43, 3, 6, 32, 19, 2, 18, 49, 28, 15, 54, 53, 56, ]
