solved:	true
solution_length:	47
upper_bound:	47
solution_runtime:	0.0196027
heuristic_solution_length:	47
heuristic_solution_runtime:	0.0110375
heuristic_runtime:	0.0192327
solving_forward:	true
reduction_is_complete:	true
reduction_quality:	1
reduction_upper_bound:	47
reduction_runtime:	0.000369841
mdd_memory_consumption [MB]:	0
main_process_memory_consumption [MB]:	0
match_ilp_solution_length:	47
match_ilp_upper_bound:	47
match_ilp_runtime:	1.24e-07
mdd_ilp_solution_length:	47
mdd_ilp_upper_bound:	47
mdd_ilp_runtime:	5.1e-08
solution:	[82, 98, 176, 192, 265, 171, 179, 80, 200, 105, 274, 109, 12, 312, 210, 178, 143, 160, 148, 184, 77, 278, 164, 145, 191, 213, 194, 111, 294, 216, 94, 20, 198, 7, 251, 242, 302, 182, 89, 254, 250, 168, 301, 212, 190, 90, 292, ]
