solved:	true
solution_length:	64
upper_bound:	64
solution_runtime:	0.620407
heuristic_solution_length:	64
heuristic_solution_runtime:	0.620292
heuristic_runtime:	0.620402
solving_forward:	true
reduction_is_complete:	true
reduction_quality:	1
reduction_upper_bound:	64
reduction_runtime:	4.975e-06
mdd_memory_consumption [MB]:	0
main_process_memory_consumption [MB]:	0
match_ilp_solution_length:	64
match_ilp_upper_bound:	64
match_ilp_runtime:	1.3e-07
mdd_ilp_solution_length:	64
mdd_ilp_upper_bound:	64
mdd_ilp_runtime:	4.1e-08
solution:	[60, 52, 19, 62, 9, 39, 14, 54, 0, 1, 7, 18, 43, 55, 37, 40, 26, 20, 38, 11, 21, 25, 8, 42, 4, 13, 53, 17, 47, 12, 15, 56, 59, 5, 33, 6, 41, 57, 51, 31, 48, 46, 35, 3, 58, 36, 23, 10, 22, 45, 49, 28, 24, 30, 27, 2, 61, 63, 16, 32, 44, 50, 29, 34, ]
