solved:	true
solution_length:	45
upper_bound:	45
solution_runtime:	0.0269698
heuristic_solution_length:	45
heuristic_solution_runtime:	0.0117325
heuristic_runtime:	0.0256269
solving_forward:	true
reduction_is_complete:	true
reduction_quality:	1
reduction_upper_bound:	45
reduction_runtime:	0.00134286
mdd_memory_consumption [MB]:	0
main_process_memory_consumption [MB]:	0
match_ilp_solution_length:	45
match_ilp_upper_bound:	45
match_ilp_runtime:	1.13e-07
mdd_ilp_solution_length:	45
mdd_ilp_upper_bound:	45
mdd_ilp_runtime:	5.1e-08
solution:	[367, 38, 152, 74, 262, 3, 249, 99, 302, 25, 76, 357, 68, 362, 240, 335, 216, 303, 39, 49, 194, 327, 212, 139, 349, 111, 204, 358, 175, 299, 71, 326, 259, 180, 350, 69, 158, 36, 73, 373, 77, 274, 250, 134, 78, ]
