solved:	true
solution_length:	45
upper_bound:	45
solution_runtime:	0.0116418
heuristic_solution_length:	45
heuristic_solution_runtime:	0.011308
heuristic_runtime:	0.0116028
solving_forward:	true
reduction_is_complete:	true
reduction_quality:	1
reduction_upper_bound:	45
reduction_runtime:	3.887e-05
mdd_memory_consumption [MB]:	0
main_process_memory_consumption [MB]:	0
match_ilp_solution_length:	45
match_ilp_upper_bound:	45
match_ilp_runtime:	1.32e-07
mdd_ilp_solution_length:	45
mdd_ilp_upper_bound:	45
mdd_ilp_runtime:	5.6e-08
solution:	[52, 146, 243, 109, 115, 32, 305, 58, 93, 166, 284, 56, 0, 200, 118, 91, 28, 239, 302, 232, 210, 120, 11, 129, 157, 289, 244, 277, 209, 286, 30, 79, 177, 268, 2, 164, 18, 218, 198, 145, 171, 254, 25, 276, 196, ]
