solved:	true
solution_length:	38
upper_bound:	38
solution_runtime:	0.0108944
heuristic_solution_length:	38
heuristic_solution_runtime:	0.0106282
heuristic_runtime:	0.0108624
solving_forward:	true
reduction_is_complete:	true
reduction_quality:	1
reduction_upper_bound:	38
reduction_runtime:	3.1938e-05
mdd_memory_consumption [MB]:	0
main_process_memory_consumption [MB]:	0
match_ilp_solution_length:	38
match_ilp_upper_bound:	38
match_ilp_runtime:	1.32e-07
mdd_ilp_solution_length:	38
mdd_ilp_upper_bound:	38
mdd_ilp_runtime:	5.7e-08
solution:	[159, 185, 200, 247, 322, 411, 161, 210, 318, 73, 40, 110, 133, 279, 143, 1, 100, 119, 36, 327, 372, 106, 234, 362, 155, 331, 66, 430, 363, 346, 237, 95, 76, 415, 336, 333, 102, 288, ]
