solved:	true
solution_length:	47
upper_bound:	47
solution_runtime:	0.0314268
heuristic_solution_length:	47
heuristic_solution_runtime:	0.0114423
heuristic_runtime:	0.0293917
solving_forward:	true
reduction_is_complete:	true
reduction_quality:	1
reduction_upper_bound:	47
reduction_runtime:	0.00203504
mdd_memory_consumption [MB]:	0
main_process_memory_consumption [MB]:	0
match_ilp_solution_length:	47
match_ilp_upper_bound:	47
match_ilp_runtime:	1.03e-07
mdd_ilp_solution_length:	47
mdd_ilp_upper_bound:	47
mdd_ilp_runtime:	5.7e-08
solution:	[64, 164, 255, 139, 201, 149, 98, 81, 266, 191, 129, 90, 261, 326, 63, 27, 10, 227, 29, 196, 241, 202, 225, 229, 322, 327, 233, 107, 147, 9, 228, 185, 0, 381, 8, 34, 103, 148, 32, 89, 239, 219, 110, 265, 292, 289, 55, ]
