solved:	true
solution_length:	40
upper_bound:	40
solution_runtime:	0.0125781
heuristic_solution_length:	40
heuristic_solution_runtime:	0.0075419
heuristic_runtime:	0.0122181
solving_forward:	true
reduction_is_complete:	true
reduction_quality:	1
reduction_upper_bound:	40
reduction_runtime:	0.00035983
mdd_memory_consumption [MB]:	0
main_process_memory_consumption [MB]:	0
match_ilp_solution_length:	40
match_ilp_upper_bound:	40
match_ilp_runtime:	9.9e-08
mdd_ilp_solution_length:	40
mdd_ilp_upper_bound:	40
mdd_ilp_runtime:	3.3e-08
solution:	[213, 225, 96, 279, 93, 397, 249, 399, 14, 356, 252, 298, 319, 7, 427, 310, 45, 378, 417, 434, 329, 47, 275, 79, 54, 35, 440, 446, 195, 32, 301, 234, 342, 367, 187, 85, 303, 236, 3, 82, ]
