solved:	true
solution_length:	58
upper_bound:	58
solution_runtime:	0.263155
heuristic_solution_length:	58
heuristic_solution_runtime:	0.0164479
heuristic_runtime:	0.11109
solving_forward:	true
reduction_is_complete:	false
reduction_quality:	0.828298
reduction_upper_bound:	60
reduction_runtime:	0.0289623
mdd_memory_consumption [MB]:	0
main_process_memory_consumption [MB]:	0
match_ilp_solution_length:	58
match_ilp_upper_bound:	58
match_ilp_runtime:	0.123103
mdd_ilp_solution_length:	58
mdd_ilp_upper_bound:	58
mdd_ilp_runtime:	0.012201
solution:	[18, 91, 146, 162, 103, 29, 60, 188, 111, 145, 59, 177, 92, 161, 117, 16, 123, 30, 189, 150, 185, 174, 119, 187, 83, 35, 13, 175, 22, 77, 164, 24, 130, 126, 169, 53, 49, 51, 143, 43, 86, 109, 108, 132, 104, 137, 136, 173, 19, 184, 70, 47, 58, 2, 152, 62, 81, 76, ]
