solved:	true
solution_length:	71
upper_bound:	71
solution_runtime:	45.9827
heuristic_solution_length:	71
heuristic_solution_runtime:	0.0212795
heuristic_runtime:	0.389365
solving_forward:	true
reduction_is_complete:	false
reduction_quality:	0.633156
reduction_upper_bound:	76
reduction_runtime:	0.123724
mdd_memory_consumption [MB]:	0
main_process_memory_consumption [MB]:	0
match_ilp_solution_length:	71
match_ilp_upper_bound:	71
match_ilp_runtime:	45.4696
mdd_ilp_solution_length:	71
mdd_ilp_upper_bound:	71
mdd_ilp_runtime:	5.86164
solution:	[91, 70, 121, 36, 100, 102, 119, 78, 46, 108, 69, 34, 98, 77, 25, 58, 51, 114, 59, 105, 15, 84, 86, 99, 127, 23, 110, 8, 56, 16, 28, 89, 30, 82, 87, 20, 92, 52, 21, 24, 2, 126, 54, 27, 107, 39, 113, 61, 62, 90, 106, 6, 1, 68, 44, 80, 53, 85, 14, 71, 74, 26, 64, 12, 65, 48, 94, 10, 38, 97, 67, ]
