solved:	true
solution_length:	42
upper_bound:	42
solution_runtime:	0.0119599
heuristic_solution_length:	42
heuristic_solution_runtime:	0.011692
heuristic_runtime:	0.0119362
solving_forward:	true
reduction_is_complete:	true
reduction_quality:	1
reduction_upper_bound:	42
reduction_runtime:	2.3631e-05
mdd_memory_consumption [MB]:	0
main_process_memory_consumption [MB]:	0
match_ilp_solution_length:	42
match_ilp_upper_bound:	42
match_ilp_runtime:	1.37e-07
mdd_ilp_solution_length:	42
mdd_ilp_upper_bound:	42
mdd_ilp_runtime:	5.8e-08
solution:	[176, 405, 402, 138, 403, 277, 348, 278, 48, 179, 177, 202, 296, 408, 263, 69, 35, 118, 182, 38, 388, 376, 398, 213, 359, 414, 175, 183, 128, 298, 438, 353, 328, 356, 251, 235, 21, 168, 121, 44, 217, 394, ]
