solved:	true
solution_length:	72
upper_bound:	72
solution_runtime:	51.8321
heuristic_solution_length:	72
heuristic_solution_runtime:	0.0274494
heuristic_runtime:	0.473211
solving_forward:	true
reduction_is_complete:	false
reduction_quality:	0.630964
reduction_upper_bound:	78
reduction_runtime:	0.165706
mdd_memory_consumption [MB]:	0
main_process_memory_consumption [MB]:	0
match_ilp_solution_length:	72
match_ilp_upper_bound:	72
match_ilp_runtime:	51.1932
mdd_ilp_solution_length:	72
mdd_ilp_upper_bound:	72
mdd_ilp_runtime:	78.487
solution:	[66, 114, 49, 72, 103, 110, 69, 115, 34, 120, 2, 89, 45, 52, 80, 51, 55, 123, 121, 28, 124, 59, 27, 42, 83, 22, 84, 20, 64, 91, 79, 113, 38, 23, 50, 67, 88, 32, 0, 60, 65, 106, 100, 30, 62, 73, 12, 101, 21, 48, 41, 81, 7, 1, 86, 98, 54, 29, 125, 116, 74, 17, 57, 33, 10, 70, 15, 40, 93, 56, 5, 119, ]
