solved:	true
solution_length:	38
upper_bound:	38
solution_runtime:	0.0103742
heuristic_solution_length:	38
heuristic_solution_runtime:	0.0100942
heuristic_runtime:	0.0103516
solving_forward:	true
reduction_is_complete:	true
reduction_quality:	1
reduction_upper_bound:	38
reduction_runtime:	2.2495e-05
mdd_memory_consumption [MB]:	0
main_process_memory_consumption [MB]:	0
match_ilp_solution_length:	38
match_ilp_upper_bound:	38
match_ilp_runtime:	1.25e-07
mdd_ilp_solution_length:	38
mdd_ilp_upper_bound:	38
mdd_ilp_runtime:	4.4e-08
solution:	[276, 285, 153, 132, 229, 189, 447, 225, 181, 57, 102, 129, 266, 3, 38, 81, 404, 371, 241, 145, 66, 279, 44, 313, 347, 121, 269, 211, 249, 317, 383, 2, 110, 254, 98, 250, 204, 345, ]
