solved:	true
solution_length:	45
upper_bound:	45
solution_runtime:	0.0105519
heuristic_solution_length:	45
heuristic_solution_runtime:	0.0103682
heuristic_runtime:	0.0105293
solving_forward:	true
reduction_is_complete:	true
reduction_quality:	1
reduction_upper_bound:	45
reduction_runtime:	2.2488e-05
mdd_memory_consumption [MB]:	0
main_process_memory_consumption [MB]:	0
match_ilp_solution_length:	45
match_ilp_upper_bound:	45
match_ilp_runtime:	1.27e-07
mdd_ilp_solution_length:	45
mdd_ilp_upper_bound:	45
mdd_ilp_runtime:	5.7e-08
solution:	[233, 294, 286, 217, 297, 28, 174, 375, 360, 324, 211, 257, 369, 225, 313, 109, 231, 368, 205, 12, 355, 270, 21, 86, 19, 173, 275, 256, 255, 143, 377, 320, 85, 64, 241, 155, 3, 181, 362, 344, 198, 67, 268, 117, 79, ]
