solved:	true
solution_length:	64
upper_bound:	64
solution_runtime:	0.0342766
heuristic_solution_length:	64
heuristic_solution_runtime:	0.0339933
heuristic_runtime:	0.0342734
solving_forward:	true
reduction_is_complete:	true
reduction_quality:	1
reduction_upper_bound:	64
reduction_runtime:	3.165e-06
mdd_memory_consumption [MB]:	0
main_process_memory_consumption [MB]:	0
match_ilp_solution_length:	64
match_ilp_upper_bound:	64
match_ilp_runtime:	1.05e-07
mdd_ilp_solution_length:	64
mdd_ilp_upper_bound:	64
mdd_ilp_runtime:	4.5e-08
solution:	[61, 8, 22, 63, 6, 29, 25, 0, 59, 53, 9, 41, 54, 42, 50, 37, 23, 49, 58, 35, 51, 16, 31, 36, 52, 30, 57, 2, 34, 56, 19, 24, 20, 48, 62, 14, 11, 38, 3, 4, 27, 15, 32, 5, 43, 7, 17, 26, 46, 44, 45, 33, 47, 10, 12, 39, 40, 13, 1, 60, 28, 18, 55, 21, ]
