solved:	true
solution_length:	45
upper_bound:	45
solution_runtime:	0.0180314
heuristic_solution_length:	45
heuristic_solution_runtime:	0.0108703
heuristic_runtime:	0.0176395
solving_forward:	true
reduction_is_complete:	true
reduction_quality:	1
reduction_upper_bound:	45
reduction_runtime:	0.000391726
mdd_memory_consumption [MB]:	0
main_process_memory_consumption [MB]:	0
match_ilp_solution_length:	45
match_ilp_upper_bound:	45
match_ilp_runtime:	1.21e-07
mdd_ilp_solution_length:	45
mdd_ilp_upper_bound:	45
mdd_ilp_runtime:	5.4e-08
solution:	[220, 204, 80, 117, 129, 39, 309, 159, 102, 136, 277, 70, 321, 355, 146, 288, 49, 162, 213, 38, 211, 316, 212, 325, 60, 88, 142, 233, 100, 229, 210, 75, 96, 124, 32, 104, 93, 72, 273, 67, 74, 264, 281, 122, 243, ]
