solved:	true
solution_length:	64
upper_bound:	64
solution_runtime:	0.051931
heuristic_solution_length:	64
heuristic_solution_runtime:	0.0515545
heuristic_runtime:	0.0519279
solving_forward:	true
reduction_is_complete:	true
reduction_quality:	1
reduction_upper_bound:	64
reduction_runtime:	2.935e-06
mdd_memory_consumption [MB]:	0
main_process_memory_consumption [MB]:	0
match_ilp_solution_length:	64
match_ilp_upper_bound:	64
match_ilp_runtime:	1.24e-07
mdd_ilp_solution_length:	64
mdd_ilp_upper_bound:	64
mdd_ilp_runtime:	4e-08
solution:	[43, 8, 12, 16, 27, 36, 60, 42, 44, 11, 18, 39, 40, 22, 63, 25, 30, 51, 46, 59, 53, 15, 48, 47, 33, 28, 29, 23, 20, 14, 55, 9, 50, 1, 38, 35, 56, 19, 61, 5, 34, 13, 41, 7, 37, 4, 31, 57, 3, 26, 45, 24, 49, 52, 0, 6, 10, 17, 62, 54, 2, 21, 32, 58, ]
