solved:	true
solution_length:	64
upper_bound:	64
solution_runtime:	0.0547775
heuristic_solution_length:	64
heuristic_solution_runtime:	0.0545562
heuristic_runtime:	0.0547744
solving_forward:	true
reduction_is_complete:	true
reduction_quality:	1
reduction_upper_bound:	64
reduction_runtime:	2.927e-06
mdd_memory_consumption [MB]:	0
main_process_memory_consumption [MB]:	0
match_ilp_solution_length:	64
match_ilp_upper_bound:	64
match_ilp_runtime:	1.36e-07
mdd_ilp_solution_length:	64
mdd_ilp_upper_bound:	64
mdd_ilp_runtime:	3.4e-08
solution:	[59, 55, 27, 60, 2, 58, 42, 23, 40, 33, 45, 36, 25, 10, 31, 11, 35, 46, 53, 54, 63, 13, 52, 3, 22, 49, 57, 37, 38, 39, 47, 14, 32, 9, 61, 0, 48, 7, 18, 21, 6, 30, 19, 29, 44, 20, 62, 4, 1, 28, 34, 8, 16, 43, 26, 12, 17, 5, 24, 15, 41, 50, 51, 56, ]
