solved:	true
solution_length:	48
upper_bound:	48
solution_runtime:	0.025275
heuristic_solution_length:	48
heuristic_solution_runtime:	0.0118484
heuristic_runtime:	0.0241877
solving_forward:	true
reduction_is_complete:	true
reduction_quality:	1
reduction_upper_bound:	48
reduction_runtime:	0.00108712
mdd_memory_consumption [MB]:	0
main_process_memory_consumption [MB]:	0
match_ilp_solution_length:	48
match_ilp_upper_bound:	48
match_ilp_runtime:	1.13e-07
mdd_ilp_solution_length:	48
mdd_ilp_upper_bound:	48
mdd_ilp_runtime:	5.3e-08
solution:	[238, 129, 13, 232, 256, 26, 213, 310, 105, 316, 196, 251, 261, 270, 231, 20, 215, 312, 184, 162, 220, 257, 313, 47, 203, 314, 301, 140, 210, 166, 285, 242, 218, 69, 43, 89, 193, 275, 272, 148, 282, 67, 52, 266, 283, 126, 74, 30, ]
