solved:	true
solution_length:	45
upper_bound:	45
solution_runtime:	0.0204301
heuristic_solution_length:	45
heuristic_solution_runtime:	0.0112666
heuristic_runtime:	0.0200193
solving_forward:	true
reduction_is_complete:	true
reduction_quality:	1
reduction_upper_bound:	45
reduction_runtime:	0.0004107
mdd_memory_consumption [MB]:	0
main_process_memory_consumption [MB]:	0
match_ilp_solution_length:	45
match_ilp_upper_bound:	45
match_ilp_runtime:	1.17e-07
mdd_ilp_solution_length:	45
mdd_ilp_upper_bound:	45
mdd_ilp_runtime:	5.2e-08
solution:	[297, 70, 184, 137, 103, 44, 199, 60, 211, 176, 283, 127, 290, 271, 193, 273, 111, 189, 144, 147, 222, 94, 105, 152, 153, 296, 258, 27, 110, 157, 35, 32, 257, 43, 223, 99, 232, 230, 262, 102, 160, 163, 126, 275, 255, ]
