solved:	true
solution_length:	64
upper_bound:	64
solution_runtime:	0.0810259
heuristic_solution_length:	64
heuristic_solution_runtime:	0.080711
heuristic_runtime:	0.081023
solving_forward:	true
reduction_is_complete:	true
reduction_quality:	1
reduction_upper_bound:	64
reduction_runtime:	2.752e-06
mdd_memory_consumption [MB]:	0
main_process_memory_consumption [MB]:	0
match_ilp_solution_length:	64
match_ilp_upper_bound:	64
match_ilp_runtime:	1.3e-07
mdd_ilp_solution_length:	64
mdd_ilp_upper_bound:	64
mdd_ilp_runtime:	3.3e-08
solution:	[46, 0, 31, 2, 6, 60, 7, 22, 21, 5, 52, 34, 54, 44, 45, 32, 43, 4, 47, 16, 40, 35, 39, 38, 11, 17, 53, 26, 49, 20, 3, 37, 63, 29, 33, 55, 9, 62, 18, 13, 48, 24, 14, 15, 25, 8, 57, 56, 42, 28, 59, 1, 12, 61, 51, 36, 19, 58, 23, 30, 50, 41, 27, 10, ]
