solved:	true
solution_length:	41
upper_bound:	41
solution_runtime:	0.0205261
heuristic_solution_length:	41
heuristic_solution_runtime:	0.00750553
heuristic_runtime:	0.0189716
solving_forward:	true
reduction_is_complete:	true
reduction_quality:	1
reduction_upper_bound:	41
reduction_runtime:	0.0015544
mdd_memory_consumption [MB]:	0
main_process_memory_consumption [MB]:	0
match_ilp_solution_length:	41
match_ilp_upper_bound:	41
match_ilp_runtime:	1.03e-07
mdd_ilp_solution_length:	41
mdd_ilp_upper_bound:	41
mdd_ilp_runtime:	3.4e-08
solution:	[47, 224, 438, 388, 296, 217, 142, 301, 258, 389, 173, 313, 208, 130, 116, 235, 141, 405, 292, 265, 17, 281, 178, 379, 135, 32, 200, 193, 338, 278, 37, 169, 401, 264, 354, 381, 336, 442, 239, 158, 356, ]
