solved:	true
solution_length:	40
upper_bound:	40
solution_runtime:	0.0234133
heuristic_solution_length:	40
heuristic_solution_runtime:	0.0125264
heuristic_runtime:	0.022435
solving_forward:	true
reduction_is_complete:	true
reduction_quality:	1
reduction_upper_bound:	40
reduction_runtime:	0.000978213
mdd_memory_consumption [MB]:	0
main_process_memory_consumption [MB]:	0
match_ilp_solution_length:	40
match_ilp_upper_bound:	40
match_ilp_runtime:	1.16e-07
mdd_ilp_solution_length:	40
mdd_ilp_upper_bound:	40
mdd_ilp_runtime:	6.1e-08
solution:	[74, 96, 15, 4, 90, 71, 59, 35, 149, 170, 258, 111, 253, 337, 188, 369, 50, 40, 147, 346, 185, 364, 268, 232, 339, 94, 62, 375, 293, 317, 3, 309, 343, 36, 254, 357, 103, 132, 109, 118, ]
