solved:	true
solution_length:	64
upper_bound:	64
solution_runtime:	0.0835841
heuristic_solution_length:	64
heuristic_solution_runtime:	0.0835513
heuristic_runtime:	0.0835804
solving_forward:	true
reduction_is_complete:	true
reduction_quality:	1
reduction_upper_bound:	64
reduction_runtime:	3.616e-06
mdd_memory_consumption [MB]:	0
main_process_memory_consumption [MB]:	0
match_ilp_solution_length:	64
match_ilp_upper_bound:	64
match_ilp_runtime:	1.29e-07
mdd_ilp_solution_length:	64
mdd_ilp_upper_bound:	64
mdd_ilp_runtime:	4.1e-08
solution:	[50, 39, 47, 29, 4, 6, 0, 55, 61, 32, 7, 2, 41, 9, 46, 5, 23, 1, 51, 59, 43, 45, 30, 48, 12, 8, 35, 63, 31, 13, 16, 58, 14, 44, 49, 52, 33, 60, 17, 54, 24, 37, 22, 18, 36, 42, 3, 34, 10, 21, 11, 15, 62, 27, 20, 38, 53, 57, 25, 26, 19, 56, 40, 28, ]
