solved:	true
solution_length:	41
upper_bound:	41
solution_runtime:	0.0161695
heuristic_solution_length:	41
heuristic_solution_runtime:	0.0102761
heuristic_runtime:	0.0158208
solving_forward:	true
reduction_is_complete:	true
reduction_quality:	1
reduction_upper_bound:	41
reduction_runtime:	0.000348598
mdd_memory_consumption [MB]:	0
main_process_memory_consumption [MB]:	0
match_ilp_solution_length:	41
match_ilp_upper_bound:	41
match_ilp_runtime:	1.19e-07
mdd_ilp_solution_length:	41
mdd_ilp_upper_bound:	41
mdd_ilp_runtime:	5.7e-08
solution:	[137, 83, 147, 112, 158, 85, 344, 333, 184, 427, 342, 251, 88, 369, 149, 117, 177, 29, 290, 368, 46, 328, 68, 217, 409, 56, 393, 21, 192, 390, 45, 78, 433, 207, 23, 223, 188, 116, 334, 232, 72, ]
