solved:	true
solution_length:	64
upper_bound:	64
solution_runtime:	0.038126
heuristic_solution_length:	64
heuristic_solution_runtime:	0.0376806
heuristic_runtime:	0.0381226
solving_forward:	true
reduction_is_complete:	true
reduction_quality:	1
reduction_upper_bound:	64
reduction_runtime:	3.178e-06
mdd_memory_consumption [MB]:	0
main_process_memory_consumption [MB]:	0
match_ilp_solution_length:	64
match_ilp_upper_bound:	64
match_ilp_runtime:	1.42e-07
mdd_ilp_solution_length:	64
mdd_ilp_upper_bound:	64
mdd_ilp_runtime:	4.5e-08
solution:	[28, 55, 41, 29, 30, 54, 51, 45, 46, 49, 53, 9, 60, 25, 0, 59, 32, 14, 61, 58, 24, 1, 6, 47, 40, 2, 42, 44, 52, 48, 39, 57, 8, 20, 23, 22, 19, 35, 38, 33, 27, 7, 56, 34, 43, 36, 37, 13, 12, 5, 26, 17, 62, 50, 18, 31, 3, 4, 63, 15, 11, 16, 10, 21, ]
