solved:	true
solution_length:	48
upper_bound:	48
solution_runtime:	0.040276
heuristic_solution_length:	48
heuristic_solution_runtime:	0.0114259
heuristic_runtime:	0.0377277
solving_forward:	true
reduction_is_complete:	true
reduction_quality:	1
reduction_upper_bound:	48
reduction_runtime:	0.00254818
mdd_memory_consumption [MB]:	0
main_process_memory_consumption [MB]:	0
match_ilp_solution_length:	48
match_ilp_upper_bound:	48
match_ilp_runtime:	9.6e-08
mdd_ilp_solution_length:	48
mdd_ilp_upper_bound:	48
mdd_ilp_runtime:	4.4e-08
solution:	[288, 31, 255, 293, 220, 49, 45, 124, 71, 205, 154, 196, 66, 246, 44, 234, 151, 184, 100, 118, 84, 262, 217, 297, 133, 85, 212, 112, 6, 258, 230, 269, 286, 1, 183, 83, 298, 127, 218, 27, 219, 77, 14, 312, 4, 64, 201, 142, ]
