solved:	true
solution_length:	42
upper_bound:	42
solution_runtime:	0.0162909
heuristic_solution_length:	42
heuristic_solution_runtime:	0.0104808
heuristic_runtime:	0.0159076
solving_forward:	true
reduction_is_complete:	true
reduction_quality:	1
reduction_upper_bound:	42
reduction_runtime:	0.000383187
mdd_memory_consumption [MB]:	0
main_process_memory_consumption [MB]:	0
match_ilp_solution_length:	42
match_ilp_upper_bound:	42
match_ilp_runtime:	1.19e-07
mdd_ilp_solution_length:	42
mdd_ilp_upper_bound:	42
mdd_ilp_runtime:	5.3e-08
solution:	[58, 329, 174, 259, 366, 278, 44, 142, 140, 16, 300, 331, 404, 418, 61, 195, 253, 317, 234, 182, 191, 201, 422, 122, 355, 285, 54, 431, 71, 72, 233, 447, 219, 178, 180, 439, 161, 403, 243, 194, 117, 63, ]
