solved:	true
solution_length:	54
upper_bound:	54
solution_runtime:	0.0662176
heuristic_solution_length:	54
heuristic_solution_runtime:	0.0153163
heuristic_runtime:	0.0593931
solving_forward:	true
reduction_is_complete:	true
reduction_quality:	1
reduction_upper_bound:	54
reduction_runtime:	0.00682443
mdd_memory_consumption [MB]:	0
main_process_memory_consumption [MB]:	0
match_ilp_solution_length:	54
match_ilp_upper_bound:	54
match_ilp_runtime:	9.2e-08
mdd_ilp_solution_length:	54
mdd_ilp_upper_bound:	54
mdd_ilp_runtime:	3e-08
solution:	[108, 161, 242, 21, 162, 175, 197, 166, 0, 55, 54, 168, 158, 123, 86, 81, 4, 155, 216, 234, 47, 230, 224, 113, 97, 33, 136, 29, 134, 150, 8, 196, 91, 111, 235, 214, 173, 174, 165, 238, 156, 112, 3, 127, 252, 213, 77, 89, 68, 232, 76, 177, 84, 178, ]
