solved:	true
solution_length:	64
upper_bound:	64
solution_runtime:	0.068558
heuristic_solution_length:	64
heuristic_solution_runtime:	0.0685388
heuristic_runtime:	0.0685543
solving_forward:	true
reduction_is_complete:	true
reduction_quality:	1
reduction_upper_bound:	64
reduction_runtime:	3.564e-06
mdd_memory_consumption [MB]:	0
main_process_memory_consumption [MB]:	0
match_ilp_solution_length:	64
match_ilp_upper_bound:	64
match_ilp_runtime:	1.37e-07
mdd_ilp_solution_length:	64
mdd_ilp_upper_bound:	64
mdd_ilp_runtime:	4.1e-08
solution:	[47, 57, 22, 51, 34, 11, 32, 29, 56, 42, 5, 17, 24, 49, 60, 28, 20, 53, 54, 50, 58, 9, 12, 16, 2, 63, 45, 7, 41, 59, 31, 61, 35, 23, 33, 13, 1, 25, 43, 19, 37, 30, 21, 55, 46, 36, 26, 27, 38, 3, 6, 48, 18, 62, 15, 40, 8, 39, 14, 44, 0, 52, 4, 10, ]
