solved:	true
solution_length:	46
upper_bound:	46
solution_runtime:	0.0284535
heuristic_solution_length:	46
heuristic_solution_runtime:	0.0116997
heuristic_runtime:	0.0270514
solving_forward:	true
reduction_is_complete:	true
reduction_quality:	1
reduction_upper_bound:	46
reduction_runtime:	0.00140198
mdd_memory_consumption [MB]:	0
main_process_memory_consumption [MB]:	0
match_ilp_solution_length:	46
match_ilp_upper_bound:	46
match_ilp_runtime:	1.07e-07
mdd_ilp_solution_length:	46
mdd_ilp_upper_bound:	46
mdd_ilp_runtime:	5e-08
solution:	[26, 276, 233, 245, 206, 147, 300, 153, 224, 13, 306, 223, 226, 126, 273, 230, 275, 87, 40, 217, 23, 171, 215, 125, 43, 319, 303, 4, 15, 121, 117, 164, 60, 200, 227, 107, 154, 187, 112, 65, 2, 222, 78, 80, 229, 142, ]
