solved:	true
solution_length:	46
upper_bound:	46
solution_runtime:	0.0138517
heuristic_solution_length:	46
heuristic_solution_runtime:	0.0138351
heuristic_runtime:	0.013848
solving_forward:	true
reduction_is_complete:	true
reduction_quality:	1
reduction_upper_bound:	46
reduction_runtime:	3.529e-06
mdd_memory_consumption [MB]:	0
main_process_memory_consumption [MB]:	0
match_ilp_solution_length:	46
match_ilp_upper_bound:	46
match_ilp_runtime:	1.63e-07
mdd_ilp_solution_length:	46
mdd_ilp_upper_bound:	46
mdd_ilp_runtime:	7.2e-08
solution:	[321, 23, 338, 362, 136, 18, 380, 211, 173, 51, 243, 78, 94, 381, 83, 115, 305, 333, 301, 61, 332, 175, 183, 108, 71, 298, 330, 154, 163, 76, 370, 77, 15, 184, 106, 13, 166, 357, 218, 73, 257, 37, 147, 19, 263, 361, ]
