solved:	true
solution_length:	65
upper_bound:	65
solution_runtime:	243.875
heuristic_solution_length:	65
heuristic_solution_runtime:	0.03937
heuristic_runtime:	0.531687
solving_forward:	true
reduction_is_complete:	false
reduction_quality:	0.484686
reduction_upper_bound:	71
reduction_runtime:	0.270047
mdd_memory_consumption [MB]:	0
main_process_memory_consumption [MB]:	0
match_ilp_solution_length:	65
match_ilp_upper_bound:	65
match_ilp_runtime:	243.074
mdd_ilp_solution_length:	65
mdd_ilp_upper_bound:	65
mdd_ilp_runtime:	131.066
solution:	[110, 18, 24, 22, 68, 97, 87, 58, 44, 30, 99, 89, 31, 84, 123, 120, 107, 81, 73, 95, 104, 79, 40, 67, 77, 61, 106, 127, 34, 48, 37, 85, 114, 66, 80, 82, 1, 63, 105, 38, 91, 9, 2, 51, 94, 98, 33, 53, 70, 72, 109, 116, 42, 5, 3, 118, 4, 17, 14, 13, 25, 23, 29, 65, 19, ]
