solved:	true
solution_length:	59
upper_bound:	59
solution_runtime:	0.124192
heuristic_solution_length:	59
heuristic_solution_runtime:	0.0165827
heuristic_runtime:	0.106033
solving_forward:	true
reduction_is_complete:	true
reduction_quality:	1
reduction_upper_bound:	59
reduction_runtime:	0.0181583
mdd_memory_consumption [MB]:	0
main_process_memory_consumption [MB]:	0
match_ilp_solution_length:	59
match_ilp_upper_bound:	59
match_ilp_runtime:	1.61e-07
mdd_ilp_solution_length:	59
mdd_ilp_upper_bound:	59
mdd_ilp_runtime:	7.6e-08
solution:	[47, 166, 190, 122, 154, 72, 0, 37, 97, 99, 119, 83, 84, 146, 123, 142, 19, 178, 34, 175, 109, 64, 95, 128, 8, 120, 75, 138, 136, 168, 188, 94, 26, 38, 63, 81, 17, 133, 1, 131, 134, 139, 125, 68, 69, 92, 152, 165, 96, 52, 82, 187, 171, 76, 130, 14, 110, 15, 116, ]
