solved:	true
solution_length:	41
upper_bound:	41
solution_runtime:	0.0181382
heuristic_solution_length:	41
heuristic_solution_runtime:	0.0106359
heuristic_runtime:	0.0176084
solving_forward:	true
reduction_is_complete:	true
reduction_quality:	1
reduction_upper_bound:	41
reduction_runtime:	0.000529685
mdd_memory_consumption [MB]:	0
main_process_memory_consumption [MB]:	0
match_ilp_solution_length:	41
match_ilp_upper_bound:	41
match_ilp_runtime:	1.15e-07
mdd_ilp_solution_length:	41
mdd_ilp_upper_bound:	41
mdd_ilp_runtime:	5.6e-08
solution:	[397, 176, 71, 332, 246, 262, 253, 264, 270, 93, 401, 178, 242, 383, 228, 74, 23, 275, 311, 369, 362, 32, 100, 186, 299, 35, 179, 351, 214, 5, 185, 190, 437, 381, 297, 22, 271, 239, 174, 102, 265, ]
