solved:	true
solution_length:	51
upper_bound:	51
solution_runtime:	0.0118741
heuristic_solution_length:	51
heuristic_solution_runtime:	0.0118537
heuristic_runtime:	0.0118712
solving_forward:	true
reduction_is_complete:	true
reduction_quality:	1
reduction_upper_bound:	51
reduction_runtime:	2.844e-06
mdd_memory_consumption [MB]:	0
main_process_memory_consumption [MB]:	0
match_ilp_solution_length:	51
match_ilp_upper_bound:	51
match_ilp_runtime:	1.32e-07
mdd_ilp_solution_length:	51
mdd_ilp_upper_bound:	51
mdd_ilp_runtime:	5.6e-08
solution:	[45, 334, 72, 243, 29, 73, 122, 50, 224, 255, 349, 383, 76, 260, 85, 94, 176, 336, 123, 361, 15, 125, 344, 325, 103, 154, 79, 203, 211, 188, 232, 112, 332, 261, 339, 62, 110, 158, 145, 369, 274, 286, 328, 318, 264, 315, 329, 346, 302, 182, 14, ]
