solved:	true
solution_length:	64
upper_bound:	64
solution_runtime:	0.04168
heuristic_solution_length:	64
heuristic_solution_runtime:	0.0413069
heuristic_runtime:	0.0416768
solving_forward:	true
reduction_is_complete:	true
reduction_quality:	1
reduction_upper_bound:	64
reduction_runtime:	3.094e-06
mdd_memory_consumption [MB]:	0
main_process_memory_consumption [MB]:	0
match_ilp_solution_length:	64
match_ilp_upper_bound:	64
match_ilp_runtime:	1.34e-07
mdd_ilp_solution_length:	64
mdd_ilp_upper_bound:	64
mdd_ilp_runtime:	3.8e-08
solution:	[57, 45, 5, 8, 23, 6, 58, 35, 9, 20, 49, 4, 46, 44, 14, 51, 55, 36, 7, 40, 33, 31, 48, 15, 43, 60, 16, 25, 37, 32, 22, 27, 13, 47, 2, 19, 1, 34, 10, 59, 50, 61, 30, 0, 39, 21, 29, 17, 24, 54, 18, 26, 62, 38, 28, 12, 52, 42, 3, 41, 63, 56, 11, 53, ]
