solved:	true
solution_length:	40
upper_bound:	40
solution_runtime:	0.0100998
heuristic_solution_length:	40
heuristic_solution_runtime:	0.00984334
heuristic_runtime:	0.0100771
solving_forward:	true
reduction_is_complete:	true
reduction_quality:	1
reduction_upper_bound:	40
reduction_runtime:	2.2554e-05
mdd_memory_consumption [MB]:	0
main_process_memory_consumption [MB]:	0
match_ilp_solution_length:	40
match_ilp_upper_bound:	40
match_ilp_runtime:	1.38e-07
mdd_ilp_solution_length:	40
mdd_ilp_upper_bound:	40
mdd_ilp_runtime:	4.4e-08
solution:	[89, 288, 74, 72, 371, 144, 135, 305, 230, 275, 437, 250, 69, 279, 162, 445, 395, 223, 290, 271, 407, 101, 21, 320, 100, 267, 0, 38, 335, 319, 368, 161, 237, 354, 218, 31, 338, 234, 409, 117, ]
