solved:	true
solution_length:	44
upper_bound:	44
solution_runtime:	0.0200732
heuristic_solution_length:	44
heuristic_solution_runtime:	0.0114056
heuristic_runtime:	0.0196085
solving_forward:	true
reduction_is_complete:	true
reduction_quality:	1
reduction_upper_bound:	44
reduction_runtime:	0.000464623
mdd_memory_consumption [MB]:	0
main_process_memory_consumption [MB]:	0
match_ilp_solution_length:	44
match_ilp_upper_bound:	44
match_ilp_runtime:	1.16e-07
mdd_ilp_solution_length:	44
mdd_ilp_upper_bound:	44
mdd_ilp_runtime:	5.2e-08
solution:	[162, 245, 150, 100, 106, 133, 157, 91, 213, 97, 201, 266, 104, 83, 312, 17, 105, 63, 88, 98, 40, 24, 56, 286, 10, 200, 203, 154, 282, 242, 18, 260, 34, 259, 12, 186, 15, 89, 74, 206, 309, 170, 42, 270, ]
