solved:	true
solution_length:	39
upper_bound:	39
solution_runtime:	0.00805931
heuristic_solution_length:	39
heuristic_solution_runtime:	0.00785212
heuristic_runtime:	0.0080396
solving_forward:	true
reduction_is_complete:	true
reduction_quality:	1
reduction_upper_bound:	39
reduction_runtime:	1.9602e-05
mdd_memory_consumption [MB]:	0
main_process_memory_consumption [MB]:	0
match_ilp_solution_length:	39
match_ilp_upper_bound:	39
match_ilp_runtime:	1.09e-07
mdd_ilp_solution_length:	39
mdd_ilp_upper_bound:	39
mdd_ilp_runtime:	4.3e-08
solution:	[153, 262, 225, 57, 409, 143, 419, 309, 372, 27, 145, 443, 96, 435, 297, 142, 109, 373, 216, 272, 183, 361, 277, 300, 184, 255, 227, 308, 174, 339, 238, 275, 56, 375, 121, 63, 181, 199, 131, ]
