solved:	true
solution_length:	49
upper_bound:	49
solution_runtime:	0.02637
heuristic_solution_length:	49
heuristic_solution_runtime:	0.0118139
heuristic_runtime:	0.0254353
solving_forward:	true
reduction_is_complete:	true
reduction_quality:	1
reduction_upper_bound:	49
reduction_runtime:	0.000934597
mdd_memory_consumption [MB]:	0
main_process_memory_consumption [MB]:	0
match_ilp_solution_length:	49
match_ilp_upper_bound:	49
match_ilp_runtime:	1.22e-07
mdd_ilp_solution_length:	49
mdd_ilp_upper_bound:	49
mdd_ilp_runtime:	6e-08
solution:	[243, 158, 2, 237, 198, 161, 92, 189, 20, 233, 283, 282, 154, 179, 137, 22, 26, 160, 263, 145, 241, 286, 134, 159, 319, 309, 215, 276, 258, 225, 46, 318, 226, 234, 231, 89, 115, 16, 150, 275, 68, 57, 192, 284, 123, 7, 30, 269, 208, ]
