solved:	true
solution_length:	67
upper_bound:	67
solution_runtime:	19.3932
heuristic_solution_length:	67
heuristic_solution_runtime:	0.0230823
heuristic_runtime:	0.469461
solving_forward:	true
reduction_is_complete:	false
reduction_quality:	0.710588
reduction_upper_bound:	71
reduction_runtime:	0.166402
mdd_memory_consumption [MB]:	0
main_process_memory_consumption [MB]:	0
match_ilp_solution_length:	67
match_ilp_upper_bound:	67
match_ilp_runtime:	18.7573
mdd_ilp_solution_length:	67
mdd_ilp_upper_bound:	67
mdd_ilp_runtime:	5.13293
solution:	[109, 39, 95, 99, 125, 28, 111, 127, 74, 96, 26, 113, 123, 63, 80, 15, 64, 16, 81, 10, 108, 27, 69, 0, 107, 32, 24, 20, 57, 8, 92, 36, 31, 82, 106, 112, 77, 85, 2, 43, 73, 68, 53, 76, 42, 93, 12, 54, 48, 59, 65, 1, 11, 97, 71, 103, 61, 120, 98, 30, 49, 88, 117, 46, 19, 6, 91, ]
