solved:	true
solution_length:	51
upper_bound:	51
solution_runtime:	0.0131782
heuristic_solution_length:	51
heuristic_solution_runtime:	0.0131622
heuristic_runtime:	0.013175
solving_forward:	true
reduction_is_complete:	true
reduction_quality:	1
reduction_upper_bound:	51
reduction_runtime:	3e-06
mdd_memory_consumption [MB]:	0
main_process_memory_consumption [MB]:	0
match_ilp_solution_length:	51
match_ilp_upper_bound:	51
match_ilp_runtime:	1.36e-07
mdd_ilp_solution_length:	51
mdd_ilp_upper_bound:	51
mdd_ilp_runtime:	5.6e-08
solution:	[210, 170, 63, 179, 115, 137, 243, 281, 118, 91, 15, 167, 152, 84, 5, 175, 233, 191, 65, 294, 298, 193, 176, 307, 178, 261, 27, 161, 274, 0, 168, 276, 214, 289, 286, 96, 139, 238, 174, 82, 64, 56, 196, 42, 283, 242, 301, 312, 144, 67, 71, ]
