solved:	true
solution_length:	40
upper_bound:	40
solution_runtime:	0.0260781
heuristic_solution_length:	40
heuristic_solution_runtime:	0.0117999
heuristic_runtime:	0.0247348
solving_forward:	true
reduction_is_complete:	true
reduction_quality:	1
reduction_upper_bound:	40
reduction_runtime:	0.00134321
mdd_memory_consumption [MB]:	0
main_process_memory_consumption [MB]:	0
match_ilp_solution_length:	40
match_ilp_upper_bound:	40
match_ilp_runtime:	1.08e-07
mdd_ilp_solution_length:	40
mdd_ilp_upper_bound:	40
mdd_ilp_runtime:	4.8e-08
solution:	[345, 174, 269, 426, 446, 191, 387, 227, 121, 151, 44, 188, 96, 126, 376, 296, 12, 312, 40, 335, 222, 55, 214, 252, 419, 98, 72, 173, 428, 267, 16, 186, 414, 244, 344, 306, 310, 321, 257, 395, ]
