solved:	true
solution_length:	43
upper_bound:	43
solution_runtime:	0.0111191
heuristic_solution_length:	43
heuristic_solution_runtime:	0.0108287
heuristic_runtime:	0.0110968
solving_forward:	true
reduction_is_complete:	true
reduction_quality:	1
reduction_upper_bound:	43
reduction_runtime:	2.2184e-05
mdd_memory_consumption [MB]:	0
main_process_memory_consumption [MB]:	0
match_ilp_solution_length:	43
match_ilp_upper_bound:	43
match_ilp_runtime:	1.38e-07
mdd_ilp_solution_length:	43
mdd_ilp_upper_bound:	43
mdd_ilp_runtime:	5.8e-08
solution:	[81, 330, 224, 219, 267, 204, 115, 91, 329, 50, 179, 344, 9, 24, 103, 218, 88, 202, 355, 280, 181, 295, 226, 331, 319, 158, 8, 105, 266, 152, 221, 141, 270, 309, 16, 161, 259, 200, 44, 125, 100, 185, 163, ]
