solved:	true
solution_length:	70
upper_bound:	70
solution_runtime:	16.2781
heuristic_solution_length:	70
heuristic_solution_runtime:	0.0450568
heuristic_runtime:	0.362946
solving_forward:	true
reduction_is_complete:	false
reduction_quality:	0.736791
reduction_upper_bound:	73
reduction_runtime:	0.0978383
mdd_memory_consumption [MB]:	0
main_process_memory_consumption [MB]:	0
match_ilp_solution_length:	70
match_ilp_upper_bound:	70
match_ilp_runtime:	15.8173
mdd_ilp_solution_length:	70
mdd_ilp_upper_bound:	70
mdd_ilp_runtime:	0.0888476
solution:	[19, 2, 70, 12, 14, 124, 45, 35, 84, 62, 20, 42, 88, 61, 80, 23, 52, 118, 75, 7, 15, 127, 22, 112, 50, 47, 109, 44, 77, 73, 40, 89, 57, 91, 17, 69, 48, 76, 32, 27, 55, 86, 4, 38, 105, 99, 113, 53, 43, 119, 92, 10, 93, 72, 104, 24, 58, 85, 66, 94, 68, 107, 8, 6, 31, 98, 122, 21, 67, 103, ]
