solved:	true
solution_length:	47
upper_bound:	47
solution_runtime:	0.0547517
heuristic_solution_length:	47
heuristic_solution_runtime:	0.00864125
heuristic_runtime:	0.0484296
solving_forward:	true
reduction_is_complete:	true
reduction_quality:	1
reduction_upper_bound:	47
reduction_runtime:	0.00632192
mdd_memory_consumption [MB]:	0
main_process_memory_consumption [MB]:	0
match_ilp_solution_length:	47
match_ilp_upper_bound:	47
match_ilp_runtime:	1.36e-07
mdd_ilp_solution_length:	47
mdd_ilp_upper_bound:	47
mdd_ilp_runtime:	4.6e-08
solution:	[95, 152, 65, 312, 159, 198, 44, 11, 121, 207, 150, 97, 145, 239, 194, 67, 267, 220, 264, 116, 218, 213, 154, 203, 10, 131, 102, 178, 8, 6, 250, 293, 47, 83, 289, 158, 216, 316, 296, 72, 45, 196, 231, 191, 98, 238, 303, ]
