solved:	true
solution_length:	80
upper_bound:	80
solution_runtime:	2.62544
heuristic_solution_length:	80
heuristic_solution_runtime:	2.62501
heuristic_runtime:	2.62543
solving_forward:	true
reduction_is_complete:	true
reduction_quality:	1
reduction_upper_bound:	80
reduction_runtime:	7.769e-06
mdd_memory_consumption:	0
main_process_memory_consumption:	0
match_ilp_solution_length:	80
match_ilp_upper_bound:	80
match_ilp_runtime:	1.89e-07
mdd_ilp_solution_length:	80
mdd_ilp_upper_bound:	80
mdd_ilp_runtime:	4.3e-08
solution:	[8, 35, 79, 17, 78, 77, 65, 42, 12, 72, 76, 45, 32, 48, 51, 44, 22, 24, 10, 56, 73, 49, 9, 50, 21, 37, 66, 40, 28, 6, 58, 69, 5, 13, 0, 30, 71, 64, 61, 25, 52, 36, 68, 55, 60, 20, 31, 54, 18, 57, 70, 16, 53, 27, 11, 67, 14, 19, 63, 39, 59, 23, 43, 26, 29, 3, 75, 1, 47, 7, 41, 46, 38, 4, 34, 33, 74, 2, 62, 15, ]
