solved:	true
solution_length:	80
upper_bound:	80
solution_runtime:	2.15564
heuristic_solution_length:	80
heuristic_solution_runtime:	2.15552
heuristic_runtime:	2.15563
solving_forward:	true
reduction_is_complete:	true
reduction_quality:	1
reduction_upper_bound:	80
reduction_runtime:	6.296e-06
mdd_memory_consumption:	0
main_process_memory_consumption:	0
match_ilp_solution_length:	80
match_ilp_upper_bound:	80
match_ilp_runtime:	9.2e-08
mdd_ilp_solution_length:	80
mdd_ilp_upper_bound:	80
mdd_ilp_runtime:	4.1e-08
solution:	[28, 34, 70, 78, 59, 23, 52, 8, 41, 46, 77, 47, 75, 38, 49, 67, 19, 4, 21, 50, 25, 22, 0, 42, 12, 18, 48, 20, 11, 33, 60, 55, 15, 64, 36, 32, 39, 72, 51, 58, 14, 26, 1, 56, 29, 74, 35, 13, 45, 65, 79, 76, 71, 2, 68, 31, 53, 7, 43, 66, 10, 17, 73, 16, 44, 54, 3, 27, 61, 40, 37, 6, 57, 30, 24, 9, 62, 63, 69, 5, ]
