solved:	true
solution_length:	80
upper_bound:	80
solution_runtime:	0.659013
heuristic_solution_length:	80
heuristic_solution_runtime:	0.658453
heuristic_runtime:	0.659007
solving_forward:	true
reduction_is_complete:	true
reduction_quality:	1
reduction_upper_bound:	80
reduction_runtime:	5.425e-06
mdd_memory_consumption:	0
main_process_memory_consumption:	0
match_ilp_solution_length:	80
match_ilp_upper_bound:	80
match_ilp_runtime:	1.36e-07
mdd_ilp_solution_length:	80
mdd_ilp_upper_bound:	80
mdd_ilp_runtime:	4.5e-08
solution:	[43, 77, 76, 44, 33, 57, 16, 30, 51, 29, 60, 54, 73, 65, 52, 41, 27, 63, 23, 18, 58, 66, 79, 50, 64, 7, 20, 1, 3, 32, 55, 69, 47, 48, 37, 78, 25, 70, 28, 5, 17, 22, 34, 24, 42, 46, 45, 72, 75, 62, 68, 6, 15, 67, 11, 31, 36, 12, 59, 8, 14, 2, 53, 4, 21, 38, 56, 26, 74, 0, 49, 71, 13, 39, 61, 10, 35, 40, 9, 19, ]
