solved:	true
solution_length:	80
upper_bound:	80
solution_runtime:	0.830182
heuristic_solution_length:	80
heuristic_solution_runtime:	0.830099
heuristic_runtime:	0.830178
solving_forward:	true
reduction_is_complete:	true
reduction_quality:	1
reduction_upper_bound:	80
reduction_runtime:	3.682e-06
mdd_memory_consumption:	0
main_process_memory_consumption:	0
match_ilp_solution_length:	80
match_ilp_upper_bound:	80
match_ilp_runtime:	9.7e-08
mdd_ilp_solution_length:	80
mdd_ilp_upper_bound:	80
mdd_ilp_runtime:	4.1e-08
solution:	[25, 5, 67, 39, 40, 48, 73, 19, 17, 44, 58, 4, 66, 10, 23, 79, 56, 34, 18, 9, 61, 16, 13, 31, 22, 77, 3, 49, 30, 37, 47, 26, 57, 55, 12, 41, 0, 32, 14, 24, 69, 20, 15, 21, 75, 6, 78, 60, 45, 11, 33, 63, 68, 29, 76, 54, 65, 42, 72, 62, 7, 74, 52, 36, 50, 1, 64, 35, 53, 59, 2, 27, 38, 43, 51, 71, 8, 28, 46, 70, ]
