solved:	true
solution_length:	79
upper_bound:	79
solution_runtime:	0.311034
heuristic_solution_length:	79
heuristic_solution_runtime:	0.310908
heuristic_runtime:	0.311029
solving_forward:	true
reduction_is_complete:	true
reduction_quality:	1
reduction_upper_bound:	79
reduction_runtime:	5.227e-06
mdd_memory_consumption:	0
main_process_memory_consumption:	0
match_ilp_solution_length:	79
match_ilp_upper_bound:	79
match_ilp_runtime:	1.69e-07
mdd_ilp_solution_length:	79
mdd_ilp_upper_bound:	79
mdd_ilp_runtime:	7.3e-08
solution:	[46, 11, 32, 65, 36, 53, 6, 44, 77, 57, 29, 8, 40, 35, 63, 19, 30, 33, 67, 58, 59, 45, 37, 39, 61, 68, 34, 3, 72, 12, 43, 74, 60, 28, 26, 42, 78, 17, 48, 22, 14, 1, 25, 49, 27, 7, 31, 52, 64, 9, 76, 79, 13, 70, 2, 16, 38, 51, 15, 23, 41, 47, 71, 24, 73, 66, 54, 18, 21, 69, 56, 4, 75, 20, 0, 5, 62, 50, 10, ]
