solved:	true
solution_length:	80
upper_bound:	80
solution_runtime:	0.190109
heuristic_solution_length:	80
heuristic_solution_runtime:	0.18975
heuristic_runtime:	0.190106
solving_forward:	true
reduction_is_complete:	true
reduction_quality:	1
reduction_upper_bound:	80
reduction_runtime:	3.327e-06
mdd_memory_consumption:	0
main_process_memory_consumption:	0
match_ilp_solution_length:	80
match_ilp_upper_bound:	80
match_ilp_runtime:	1.02e-07
mdd_ilp_solution_length:	80
mdd_ilp_upper_bound:	80
mdd_ilp_runtime:	4.4e-08
solution:	[59, 40, 24, 35, 37, 67, 69, 78, 77, 45, 71, 49, 79, 65, 32, 2, 42, 48, 34, 54, 6, 58, 72, 30, 27, 76, 53, 16, 39, 75, 61, 29, 22, 25, 73, 56, 19, 17, 9, 55, 20, 47, 50, 64, 60, 7, 33, 46, 5, 21, 3, 44, 43, 14, 66, 12, 11, 52, 70, 10, 62, 74, 38, 18, 4, 63, 15, 31, 28, 51, 57, 0, 23, 8, 68, 36, 13, 26, 41, 1, ]
