solved:	false
solution_length:	93
upper_bound:	96
solution_runtime:	3604.32
heuristic_solution_length:	93
heuristic_solution_runtime:	1.23668
heuristic_runtime:	8.06806
solving_forward:	false
reduction_is_complete:	false
reduction_quality:	0.302798
reduction_upper_bound:	96
reduction_runtime:	1793.74
mdd_memory_consumption:	32966820
main_process_memory_consumption:	6084956
match_ilp_solution_length:	93
match_ilp_upper_bound:	96
match_ilp_runtime:	1802.51
mdd_ilp_solution_length:	93
mdd_ilp_upper_bound:	96
mdd_ilp_runtime:	1800.36
solution:	[33, 18, 36, 66, 52, 44, 64, 20, 75, 74, 49, 48, 72, 86, 78, 19, 11, 50, 82, 38, 46, 59, 37, 57, 55, 62, 76, 88, 12, 63, 5, 4, 69, 25, 32, 91, 67, 14, 89, 83, 0, 10, 65, 87, 71, 7, 56, 81, 29, 70, 27, 22, 80, 95, 17, 9, 79, 31, 2, 35, 92, 8, 16, 40, 60, 68, 30, 45, 77, 6, 47, 54, 51, 34, 84, 15, 73, 28, 42, 3, 24, 94, 21, 26, 39, 43, 23, 13, 53, 61, 58, 85, 41, ]
