solved:	false
solution_length:	93
upper_bound:	96
solution_runtime:	3604.96
heuristic_solution_length:	93
heuristic_solution_runtime:	0.440402
heuristic_runtime:	6.51333
solving_forward:	false
reduction_is_complete:	false
reduction_quality:	0.310568
reduction_upper_bound:	96
reduction_runtime:	1796.26
mdd_memory_consumption:	32967424
main_process_memory_consumption:	4944024
match_ilp_solution_length:	93
match_ilp_upper_bound:	96
match_ilp_runtime:	1802.19
mdd_ilp_solution_length:	93
mdd_ilp_upper_bound:	96
mdd_ilp_runtime:	1800.35
solution:	[65, 20, 71, 39, 93, 23, 22, 42, 58, 34, 21, 70, 86, 46, 90, 33, 83, 75, 78, 41, 59, 54, 69, 57, 81, 37, 40, 0, 84, 72, 4, 25, 11, 15, 67, 12, 60, 1, 24, 79, 35, 49, 66, 68, 7, 28, 10, 94, 95, 52, 36, 3, 29, 89, 62, 9, 53, 5, 14, 8, 55, 47, 16, 88, 27, 91, 87, 17, 18, 43, 92, 45, 63, 77, 74, 26, 19, 82, 2, 30, 73, 56, 31, 85, 48, 80, 38, 61, 44, 76, 6, 32, 13, ]
