solved:	false
solution_length:	93
upper_bound:	96
solution_runtime:	3604.03
heuristic_solution_length:	93
heuristic_solution_runtime:	0.299441
heuristic_runtime:	6.57769
solving_forward:	false
reduction_is_complete:	false
reduction_quality:	0.304334
reduction_upper_bound:	96
reduction_runtime:	1794.81
mdd_memory_consumption:	32966880
main_process_memory_consumption:	5900508
match_ilp_solution_length:	93
match_ilp_upper_bound:	96
match_ilp_runtime:	1802.65
mdd_ilp_solution_length:	93
mdd_ilp_upper_bound:	96
mdd_ilp_runtime:	1800.4
solution:	[4, 34, 3, 18, 62, 64, 80, 9, 28, 32, 14, 57, 43, 66, 60, 7, 53, 85, 49, 78, 70, 90, 35, 91, 84, 89, 30, 24, 40, 54, 11, 15, 8, 68, 73, 33, 71, 36, 87, 27, 81, 45, 61, 46, 42, 82, 38, 79, 59, 75, 63, 6, 19, 10, 16, 0, 25, 65, 37, 74, 69, 51, 12, 41, 5, 95, 86, 26, 67, 72, 77, 2, 88, 93, 20, 94, 22, 31, 1, 50, 13, 44, 76, 55, 92, 83, 39, 29, 52, 58, 47, 23, 48, ]
