solved:	false
solution_length:	94
upper_bound:	96
solution_runtime:	3603.21
heuristic_solution_length:	94
heuristic_solution_runtime:	2.09851
heuristic_runtime:	8.3663
solving_forward:	true
reduction_is_complete:	false
reduction_quality:	0.305204
reduction_upper_bound:	96
reduction_runtime:	1792.59
mdd_memory_consumption:	32967196
main_process_memory_consumption:	7614856
match_ilp_solution_length:	94
match_ilp_upper_bound:	96
match_ilp_runtime:	1802.25
mdd_ilp_solution_length:	94
mdd_ilp_upper_bound:	96
mdd_ilp_runtime:	1800.41
solution:	[48, 18, 44, 93, 25, 15, 83, 40, 34, 60, 81, 95, 31, 38, 51, 5, 0, 88, 53, 39, 28, 75, 10, 36, 63, 43, 23, 9, 26, 77, 49, 1, 52, 79, 71, 68, 50, 47, 29, 61, 86, 59, 17, 14, 22, 90, 87, 89, 73, 82, 74, 7, 94, 19, 46, 70, 64, 2, 37, 35, 76, 6, 58, 67, 3, 27, 13, 80, 45, 55, 12, 21, 72, 42, 4, 8, 32, 20, 57, 66, 85, 65, 54, 11, 24, 62, 91, 16, 56, 69, 78, 41, 30, 84, ]
