solved:	false
solution_length:	93
upper_bound:	96
solution_runtime:	3604.6
heuristic_solution_length:	93
heuristic_solution_runtime:	1.70331
heuristic_runtime:	7.97739
solving_forward:	true
reduction_is_complete:	false
reduction_quality:	0.340426
reduction_upper_bound:	96
reduction_runtime:	1794.38
mdd_memory_consumption:	32966540
main_process_memory_consumption:	2836488
match_ilp_solution_length:	93
match_ilp_upper_bound:	96
match_ilp_runtime:	1802.25
mdd_ilp_solution_length:	93
mdd_ilp_upper_bound:	96
mdd_ilp_runtime:	1800.32
solution:	[29, 60, 16, 55, 32, 20, 62, 34, 58, 74, 21, 1, 71, 2, 63, 66, 94, 45, 49, 27, 51, 38, 59, 6, 13, 84, 41, 80, 47, 85, 50, 87, 77, 7, 88, 5, 8, 83, 42, 30, 23, 15, 31, 33, 89, 56, 70, 28, 82, 53, 95, 61, 39, 72, 76, 18, 93, 69, 54, 26, 73, 3, 57, 0, 65, 44, 92, 35, 22, 91, 68, 64, 52, 12, 67, 81, 75, 90, 40, 17, 78, 14, 11, 19, 79, 48, 43, 36, 46, 4, 24, 86, 9, ]
