solved:	false
solution_length:	93
upper_bound:	96
solution_runtime:	3603.88
heuristic_solution_length:	93
heuristic_solution_runtime:	2.11627
heuristic_runtime:	8.25273
solving_forward:	false
reduction_is_complete:	false
reduction_quality:	0.340834
reduction_upper_bound:	96
reduction_runtime:	1793.59
mdd_memory_consumption:	32967300
main_process_memory_consumption:	4220852
match_ilp_solution_length:	93
match_ilp_upper_bound:	96
match_ilp_runtime:	1802.03
mdd_ilp_solution_length:	93
mdd_ilp_upper_bound:	96
mdd_ilp_runtime:	1800.31
solution:	[90, 84, 24, 85, 21, 8, 18, 15, 0, 55, 93, 5, 69, 82, 30, 75, 81, 36, 91, 22, 20, 10, 27, 39, 73, 86, 77, 78, 23, 34, 28, 37, 87, 4, 64, 42, 12, 2, 43, 89, 65, 74, 48, 6, 80, 57, 66, 31, 33, 49, 62, 56, 19, 71, 70, 92, 16, 45, 26, 68, 50, 53, 61, 38, 41, 79, 58, 67, 40, 7, 11, 95, 59, 54, 72, 51, 29, 3, 94, 76, 14, 32, 17, 44, 88, 47, 46, 13, 1, 83, 9, 63, 52, ]
