solved:	false
solution_length:	91
upper_bound:	96
solution_runtime:	3604.55
heuristic_solution_length:	91
heuristic_solution_runtime:	0.17506
heuristic_runtime:	6.74269
solving_forward:	true
reduction_is_complete:	false
reduction_quality:	0.278886
reduction_upper_bound:	96
reduction_runtime:	1794.41
mdd_memory_consumption:	32966748
main_process_memory_consumption:	4036008
match_ilp_solution_length:	91
match_ilp_upper_bound:	96
match_ilp_runtime:	1803.4
mdd_ilp_solution_length:	91
mdd_ilp_upper_bound:	96
mdd_ilp_runtime:	1801.9
solution:	[18, 15, 26, 95, 78, 71, 45, 46, 70, 60, 9, 90, 17, 6, 36, 92, 74, 35, 57, 73, 11, 22, 19, 80, 42, 76, 63, 33, 62, 94, 37, 34, 1, 67, 47, 39, 87, 65, 4, 66, 83, 89, 32, 13, 53, 75, 12, 55, 8, 5, 7, 29, 84, 20, 28, 43, 54, 25, 14, 51, 30, 52, 49, 0, 27, 50, 24, 82, 86, 72, 64, 69, 21, 3, 88, 58, 40, 44, 38, 79, 31, 61, 68, 16, 77, 93, 81, 91, 23, 41, 85, ]
