solved:	false
solution_length:	94
upper_bound:	95
solution_runtime:	3603.97
heuristic_solution_length:	94
heuristic_solution_runtime:	0.811032
heuristic_runtime:	5.85877
solving_forward:	false
reduction_is_complete:	false
reduction_quality:	0.513128
reduction_upper_bound:	96
reduction_runtime:	1797.36
mdd_memory_consumption:	32967204
main_process_memory_consumption:	2146700
match_ilp_solution_length:	94
match_ilp_upper_bound:	95
match_ilp_runtime:	1800.75
mdd_ilp_solution_length:	94
mdd_ilp_upper_bound:	96
mdd_ilp_runtime:	1800.33
solution:	[65, 66, 72, 39, 15, 54, 52, 63, 64, 36, 5, 82, 22, 94, 4, 48, 57, 28, 19, 21, 27, 60, 74, 35, 9, 90, 61, 34, 62, 47, 51, 78, 11, 0, 37, 93, 77, 84, 86, 13, 38, 33, 45, 25, 14, 53, 32, 26, 76, 44, 83, 43, 69, 88, 6, 49, 89, 3, 20, 23, 2, 31, 79, 91, 40, 16, 85, 8, 59, 73, 50, 42, 7, 92, 75, 95, 81, 29, 46, 58, 12, 41, 87, 56, 70, 10, 1, 80, 30, 24, 55, 71, 67, 18, ]
