solved:	false
solution_length:	91
upper_bound:	96
solution_runtime:	3603.5
heuristic_solution_length:	91
heuristic_solution_runtime:	0.559614
heuristic_runtime:	9.13908
solving_forward:	false
reduction_is_complete:	false
reduction_quality:	0.276252
reduction_upper_bound:	96
reduction_runtime:	1791.6
mdd_memory_consumption:	32966912
main_process_memory_consumption:	6286100
match_ilp_solution_length:	91
match_ilp_upper_bound:	96
match_ilp_runtime:	1802.76
mdd_ilp_solution_length:	91
mdd_ilp_upper_bound:	96
mdd_ilp_runtime:	1800.59
solution:	[35, 38, 5, 27, 87, 31, 21, 60, 65, 88, 3, 61, 37, 92, 63, 44, 74, 20, 29, 69, 53, 49, 51, 47, 14, 62, 0, 94, 79, 4, 28, 19, 18, 9, 75, 46, 57, 24, 13, 55, 67, 16, 32, 90, 68, 95, 25, 34, 50, 58, 40, 76, 86, 30, 66, 36, 2, 73, 80, 83, 7, 81, 41, 78, 33, 85, 15, 6, 89, 48, 56, 42, 52, 82, 8, 22, 64, 70, 26, 71, 93, 84, 77, 10, 59, 54, 11, 12, 17, 1, 43, ]
