solved:	false
solution_length:	93
upper_bound:	96
solution_runtime:	3603.9
heuristic_solution_length:	93
heuristic_solution_runtime:	1.54809
heuristic_runtime:	7.82663
solving_forward:	true
reduction_is_complete:	false
reduction_quality:	0.312521
reduction_upper_bound:	96
reduction_runtime:	1794.04
mdd_memory_consumption:	32967132
main_process_memory_consumption:	4887628
match_ilp_solution_length:	93
match_ilp_upper_bound:	96
match_ilp_runtime:	1802.04
mdd_ilp_solution_length:	93
mdd_ilp_upper_bound:	96
mdd_ilp_runtime:	1800.3
solution:	[86, 26, 72, 3, 87, 13, 90, 81, 31, 73, 9, 23, 10, 15, 53, 33, 28, 39, 21, 91, 37, 79, 67, 55, 51, 84, 19, 48, 64, 7, 66, 78, 43, 36, 38, 41, 70, 63, 27, 76, 69, 30, 0, 94, 62, 75, 8, 16, 42, 2, 44, 45, 61, 4, 5, 12, 46, 60, 95, 68, 71, 1, 80, 93, 24, 52, 50, 85, 92, 65, 34, 89, 6, 11, 88, 40, 29, 47, 82, 83, 74, 14, 32, 59, 17, 49, 56, 25, 77, 20, 57, 54, 22, ]
