solved:	false
solution_length:	93
upper_bound:	96
solution_runtime:	3603.86
heuristic_solution_length:	93
heuristic_solution_runtime:	0.48303
heuristic_runtime:	6.73849
solving_forward:	false
reduction_is_complete:	false
reduction_quality:	0.360677
reduction_upper_bound:	96
reduction_runtime:	1795.24
mdd_memory_consumption:	32967116
main_process_memory_consumption:	3356540
match_ilp_solution_length:	93
match_ilp_upper_bound:	96
match_ilp_runtime:	1801.88
mdd_ilp_solution_length:	93
mdd_ilp_upper_bound:	96
mdd_ilp_runtime:	1800.31
solution:	[82, 29, 74, 20, 35, 79, 11, 76, 87, 7, 70, 14, 94, 25, 32, 52, 53, 40, 81, 1, 56, 80, 62, 83, 33, 21, 47, 44, 3, 69, 90, 12, 2, 41, 45, 89, 88, 4, 64, 84, 59, 8, 28, 92, 9, 37, 58, 93, 31, 16, 57, 15, 22, 30, 26, 68, 27, 10, 71, 49, 78, 38, 66, 36, 17, 6, 54, 34, 55, 91, 95, 73, 72, 13, 43, 86, 19, 51, 42, 60, 77, 0, 24, 65, 23, 50, 39, 18, 61, 75, 67, 46, 63, ]
