solved:	true
solution_length:	67
upper_bound:	67
solution_runtime:	7.25813
heuristic_solution_length:	67
heuristic_solution_runtime:	0.027433
heuristic_runtime:	0.552152
solving_forward:	true
reduction_is_complete:	false
reduction_quality:	0.726229
reduction_upper_bound:	71
reduction_runtime:	0.0917936
mdd_memory_consumption [MB]:	0
main_process_memory_consumption [MB]:	0
match_ilp_solution_length:	67
match_ilp_upper_bound:	67
match_ilp_runtime:	6.61418
mdd_ilp_solution_length:	67
mdd_ilp_upper_bound:	67
mdd_ilp_runtime:	0.192082
solution:	[127, 42, 25, 48, 113, 105, 85, 35, 7, 58, 28, 112, 102, 87, 66, 110, 99, 108, 100, 23, 77, 68, 57, 51, 10, 33, 62, 92, 43, 38, 41, 5, 124, 15, 61, 78, 71, 13, 95, 118, 44, 36, 49, 103, 89, 84, 31, 117, 26, 55, 116, 1, 22, 39, 32, 19, 34, 64, 75, 11, 83, 21, 52, 96, 16, 24, 79, ]
