solved:	true
solution_length:	60
upper_bound:	60
solution_runtime:	0.188074
heuristic_solution_length:	60
heuristic_solution_runtime:	0.0143862
heuristic_runtime:	0.135331
solving_forward:	true
reduction_is_complete:	false
reduction_quality:	0.851314
reduction_upper_bound:	62
reduction_runtime:	0.0292853
mdd_memory_consumption [MB]:	0
main_process_memory_consumption [MB]:	0
match_ilp_solution_length:	60
match_ilp_upper_bound:	60
match_ilp_runtime:	0.0234573
mdd_ilp_solution_length:	60
mdd_ilp_upper_bound:	60
mdd_ilp_runtime:	0.0123901
solution:	[55, 51, 20, 79, 22, 72, 27, 122, 88, 49, 81, 53, 92, 104, 32, 10, 44, 48, 1, 126, 73, 117, 13, 43, 54, 116, 30, 98, 37, 15, 45, 85, 71, 58, 127, 76, 105, 31, 39, 29, 24, 94, 77, 78, 34, 99, 61, 101, 89, 110, 64, 113, 100, 112, 90, 68, 21, 8, 36, 17, ]
