solved:	true
solution_length:	61
upper_bound:	61
solution_runtime:	14.5314
heuristic_solution_length:	61
heuristic_solution_runtime:	0.0189909
heuristic_runtime:	0.19969
solving_forward:	true
reduction_is_complete:	false
reduction_quality:	0.686907
reduction_upper_bound:	64
reduction_runtime:	0.0541062
mdd_memory_consumption [MB]:	0
main_process_memory_consumption [MB]:	0
match_ilp_solution_length:	61
match_ilp_upper_bound:	61
match_ilp_runtime:	14.2776
mdd_ilp_solution_length:	61
mdd_ilp_upper_bound:	61
mdd_ilp_runtime:	0.0988356
solution:	[100, 77, 12, 15, 74, 68, 7, 23, 71, 40, 124, 0, 33, 105, 47, 108, 49, 55, 78, 67, 119, 102, 4, 16, 13, 52, 53, 21, 50, 70, 122, 34, 103, 111, 125, 32, 39, 45, 75, 96, 107, 38, 126, 64, 60, 17, 97, 93, 94, 5, 113, 44, 11, 83, 22, 118, 36, 85, 6, 112, 95, ]
