solved:	true
solution_length:	49
upper_bound:	49
solution_runtime:	0.135049
heuristic_solution_length:	49
heuristic_solution_runtime:	0.00868762
heuristic_runtime:	0.0865766
solving_forward:	true
reduction_is_complete:	false
reduction_quality:	0.820397
reduction_upper_bound:	51
reduction_runtime:	0.0212444
mdd_memory_consumption [MB]:	0
main_process_memory_consumption [MB]:	0
match_ilp_solution_length:	49
match_ilp_upper_bound:	49
match_ilp_runtime:	0.0272279
mdd_ilp_solution_length:	49
mdd_ilp_upper_bound:	49
mdd_ilp_runtime:	0.0155402
solution:	[65, 12, 101, 79, 61, 47, 86, 120, 72, 110, 53, 123, 76, 69, 127, 74, 100, 24, 46, 125, 36, 51, 104, 77, 22, 90, 87, 80, 15, 20, 37, 112, 45, 49, 111, 5, 8, 19, 109, 91, 96, 103, 107, 35, 88, 52, 23, 27, 81, ]
