solved:	true
solution_length:	60
upper_bound:	60
solution_runtime:	5.78991
heuristic_solution_length:	60
heuristic_solution_runtime:	0.0129329
heuristic_runtime:	0.234388
solving_forward:	true
reduction_is_complete:	false
reduction_quality:	0.689302
reduction_upper_bound:	64
reduction_runtime:	0.0691215
mdd_memory_consumption [MB]:	0
main_process_memory_consumption [MB]:	0
match_ilp_solution_length:	60
match_ilp_upper_bound:	60
match_ilp_runtime:	5.4864
mdd_ilp_solution_length:	60
mdd_ilp_upper_bound:	60
mdd_ilp_runtime:	0.132278
solution:	[114, 32, 117, 27, 11, 86, 63, 33, 20, 111, 89, 14, 107, 24, 58, 81, 54, 110, 7, 41, 83, 5, 91, 19, 50, 109, 93, 103, 43, 42, 28, 17, 12, 25, 82, 98, 61, 84, 96, 80, 123, 79, 52, 95, 115, 48, 62, 116, 15, 39, 35, 16, 34, 71, 97, 18, 78, 69, 49, 126, ]
