solved:	true
solution_length:	67
upper_bound:	67
solution_runtime:	47.2295
heuristic_solution_length:	67
heuristic_solution_runtime:	0.0298937
heuristic_runtime:	0.468665
solving_forward:	true
reduction_is_complete:	false
reduction_quality:	0.655576
reduction_upper_bound:	71
reduction_runtime:	0.113496
mdd_memory_consumption [MB]:	0
main_process_memory_consumption [MB]:	0
match_ilp_solution_length:	67
match_ilp_upper_bound:	67
match_ilp_runtime:	46.6473
mdd_ilp_solution_length:	67
mdd_ilp_upper_bound:	67
mdd_ilp_runtime:	0.33561
solution:	[122, 44, 20, 35, 103, 86, 123, 21, 106, 17, 46, 63, 10, 39, 94, 26, 3, 87, 65, 31, 23, 75, 27, 62, 4, 28, 59, 9, 104, 78, 127, 52, 85, 107, 37, 119, 117, 14, 114, 83, 0, 92, 82, 69, 80, 99, 68, 38, 111, 58, 74, 29, 126, 101, 49, 45, 60, 77, 64, 90, 57, 36, 124, 88, 112, 71, 5, ]
