solved:	true
solution_length:	70
upper_bound:	70
solution_runtime:	136.051
heuristic_solution_length:	70
heuristic_solution_runtime:	0.0295039
heuristic_runtime:	0.503499
solving_forward:	true
reduction_is_complete:	false
reduction_quality:	0.555195
reduction_upper_bound:	77
reduction_runtime:	0.179021
mdd_memory_consumption [MB]:	0
main_process_memory_consumption [MB]:	0
match_ilp_solution_length:	70
match_ilp_upper_bound:	70
match_ilp_runtime:	135.368
mdd_ilp_solution_length:	70
mdd_ilp_upper_bound:	70
mdd_ilp_runtime:	157.734
solution:	[73, 53, 0, 105, 79, 119, 84, 46, 33, 32, 113, 96, 93, 22, 47, 65, 21, 56, 89, 103, 77, 51, 49, 98, 9, 11, 95, 76, 2, 107, 59, 71, 90, 57, 82, 101, 81, 44, 40, 5, 26, 74, 69, 29, 86, 7, 122, 31, 34, 94, 124, 17, 18, 8, 1, 23, 112, 42, 125, 41, 123, 121, 35, 3, 67, 120, 109, 50, 72, 110, ]
