solved:	true
solution_length:	67
upper_bound:	67
solution_runtime:	31.1153
heuristic_solution_length:	67
heuristic_solution_runtime:	0.0215753
heuristic_runtime:	0.374126
solving_forward:	true
reduction_is_complete:	false
reduction_quality:	0.657685
reduction_upper_bound:	71
reduction_runtime:	0.123843
mdd_memory_consumption [MB]:	0
main_process_memory_consumption [MB]:	0
match_ilp_solution_length:	67
match_ilp_upper_bound:	67
match_ilp_runtime:	30.6173
mdd_ilp_solution_length:	67
mdd_ilp_upper_bound:	67
mdd_ilp_runtime:	18.4586
solution:	[25, 81, 59, 103, 21, 47, 77, 24, 84, 105, 106, 119, 109, 123, 9, 54, 40, 100, 23, 99, 39, 16, 73, 19, 26, 49, 11, 111, 37, 7, 57, 75, 53, 91, 112, 115, 2, 68, 127, 87, 95, 27, 122, 22, 34, 121, 60, 48, 104, 97, 86, 42, 113, 93, 58, 1, 20, 0, 78, 92, 30, 114, 17, 96, 43, 69, 44, ]
