solved:	true
solution_length:	49
upper_bound:	49
solution_runtime:	0.00750819
heuristic_solution_length:	49
heuristic_solution_runtime:	0.00749386
heuristic_runtime:	0.00750505
solving_forward:	true
reduction_is_complete:	true
reduction_quality:	1
reduction_upper_bound:	49
reduction_runtime:	2.984e-06
mdd_memory_consumption [MB]:	0
main_process_memory_consumption [MB]:	0
match_ilp_solution_length:	49
match_ilp_upper_bound:	49
match_ilp_runtime:	1.51e-07
mdd_ilp_solution_length:	49
mdd_ilp_upper_bound:	49
mdd_ilp_runtime:	6.3e-08
solution:	[107, 98, 84, 102, 126, 51, 99, 87, 60, 29, 90, 62, 110, 34, 18, 119, 94, 68, 64, 12, 117, 97, 41, 93, 122, 24, 5, 49, 8, 86, 69, 103, 75, 25, 65, 43, 106, 77, 80, 52, 114, 20, 78, 91, 42, 54, 31, 37, 66, ]
