solved:	true
solution_length:	61
upper_bound:	61
solution_runtime:	7.24895
heuristic_solution_length:	61
heuristic_solution_runtime:	0.0119
heuristic_runtime:	0.145131
solving_forward:	true
reduction_is_complete:	false
reduction_quality:	0.748082
reduction_upper_bound:	65
reduction_runtime:	0.0326222
mdd_memory_consumption [MB]:	0
main_process_memory_consumption [MB]:	0
match_ilp_solution_length:	61
match_ilp_upper_bound:	61
match_ilp_runtime:	7.0712
mdd_ilp_solution_length:	61
mdd_ilp_upper_bound:	61
mdd_ilp_runtime:	0.170846
solution:	[102, 20, 103, 50, 72, 119, 31, 27, 88, 9, 57, 66, 83, 22, 76, 75, 120, 36, 96, 43, 25, 41, 111, 58, 93, 52, 3, 104, 5, 2, 98, 12, 95, 11, 79, 92, 124, 34, 67, 114, 29, 69, 106, 82, 8, 80, 84, 6, 118, 49, 18, 81, 68, 89, 53, 21, 70, 26, 44, 121, 107, ]
