solved:	true
solution_length:	59
upper_bound:	59
solution_runtime:	0.0781039
heuristic_solution_length:	59
heuristic_solution_runtime:	0.00941412
heuristic_runtime:	0.0591359
solving_forward:	true
reduction_is_complete:	false
reduction_quality:	0.884325
reduction_upper_bound:	60
reduction_runtime:	0.0100958
mdd_memory_consumption [MB]:	0
main_process_memory_consumption [MB]:	0
match_ilp_solution_length:	59
match_ilp_upper_bound:	59
match_ilp_runtime:	0.00887218
mdd_ilp_solution_length:	59
mdd_ilp_upper_bound:	59
mdd_ilp_runtime:	0.0104227
solution:	[24, 10, 59, 126, 85, 109, 3, 2, 70, 101, 86, 50, 39, 79, 121, 60, 68, 8, 30, 89, 77, 53, 7, 71, 49, 46, 36, 18, 72, 81, 123, 67, 65, 4, 6, 35, 113, 78, 37, 22, 38, 13, 0, 56, 90, 58, 57, 28, 26, 120, 103, 55, 105, 9, 51, 88, 66, 34, 97, ]
