solved:	true
solution_length:	53
upper_bound:	53
solution_runtime:	0.138029
heuristic_solution_length:	53
heuristic_solution_runtime:	0.0116322
heuristic_runtime:	0.0808282
solving_forward:	true
reduction_is_complete:	false
reduction_quality:	0.800174
reduction_upper_bound:	55
reduction_runtime:	0.0189582
mdd_memory_consumption [MB]:	0
main_process_memory_consumption [MB]:	0
match_ilp_solution_length:	53
match_ilp_upper_bound:	53
match_ilp_runtime:	0.0382424
mdd_ilp_solution_length:	53
mdd_ilp_upper_bound:	53
mdd_ilp_runtime:	0.0156489
solution:	[42, 48, 115, 49, 39, 54, 25, 80, 123, 9, 24, 105, 13, 40, 97, 100, 109, 33, 127, 111, 34, 103, 21, 22, 122, 6, 3, 116, 94, 112, 78, 61, 89, 87, 86, 14, 117, 31, 65, 77, 107, 69, 68, 74, 17, 84, 59, 120, 23, 96, 118, 106, 57, ]
