solved:	true
solution_length:	51
upper_bound:	51
solution_runtime:	0.0265617
heuristic_solution_length:	51
heuristic_solution_runtime:	0.0114621
heuristic_runtime:	0.0258967
solving_forward:	true
reduction_is_complete:	true
reduction_quality:	1
reduction_upper_bound:	51
reduction_runtime:	0.000664905
mdd_memory_consumption [MB]:	0
main_process_memory_consumption [MB]:	0
match_ilp_solution_length:	51
match_ilp_upper_bound:	51
match_ilp_runtime:	1.11e-07
mdd_ilp_solution_length:	51
mdd_ilp_upper_bound:	51
mdd_ilp_runtime:	5.2e-08
solution:	[114, 104, 61, 23, 7, 73, 25, 42, 115, 116, 108, 68, 19, 117, 103, 49, 69, 60, 122, 22, 12, 94, 81, 107, 36, 93, 37, 92, 18, 47, 10, 9, 106, 124, 41, 125, 50, 51, 29, 109, 89, 76, 101, 3, 83, 100, 63, 4, 5, 52, 102, ]
