solved:	true
solution_length:	70
upper_bound:	70
solution_runtime:	3.07306
heuristic_solution_length:	70
heuristic_solution_runtime:	0.0497001
heuristic_runtime:	0.467224
solving_forward:	true
reduction_is_complete:	false
reduction_quality:	0.762617
reduction_upper_bound:	73
reduction_runtime:	0.102046
mdd_memory_consumption [MB]:	0
main_process_memory_consumption [MB]:	0
match_ilp_solution_length:	70
match_ilp_upper_bound:	70
match_ilp_runtime:	2.50379
mdd_ilp_solution_length:	70
mdd_ilp_upper_bound:	70
mdd_ilp_runtime:	0.0281532
solution:	[75, 118, 84, 49, 26, 123, 46, 102, 79, 125, 54, 113, 103, 126, 127, 16, 72, 31, 39, 0, 77, 40, 115, 78, 44, 89, 57, 111, 121, 1, 91, 30, 55, 18, 74, 122, 81, 50, 58, 6, 36, 66, 14, 34, 63, 12, 80, 41, 3, 69, 105, 25, 73, 29, 23, 82, 96, 64, 68, 107, 13, 93, 43, 62, 98, 112, 65, 24, 8, 95, ]
