solved:	true
solution_length:	55
upper_bound:	55
solution_runtime:	1.57718
heuristic_solution_length:	55
heuristic_solution_runtime:	0.0117781
heuristic_runtime:	0.0831595
solving_forward:	false
reduction_is_complete:	false
reduction_quality:	0.792164
reduction_upper_bound:	57
reduction_runtime:	0.0178121
mdd_memory_consumption [MB]:	0
main_process_memory_consumption [MB]:	0
match_ilp_solution_length:	55
match_ilp_upper_bound:	55
match_ilp_runtime:	1.4762
mdd_ilp_solution_length:	55
mdd_ilp_upper_bound:	55
mdd_ilp_runtime:	0.0197923
solution:	[67, 43, 25, 12, 65, 10, 1, 7, 115, 87, 22, 126, 75, 103, 63, 85, 31, 60, 108, 9, 83, 33, 17, 34, 53, 58, 52, 70, 24, 92, 118, 14, 101, 19, 28, 73, 21, 5, 62, 69, 68, 81, 29, 45, 26, 111, 71, 66, 8, 79, 123, 82, 57, 102, 3, ]
