solved:	true
solution_length:	61
upper_bound:	61
solution_runtime:	61.1478
heuristic_solution_length:	61
heuristic_solution_runtime:	0.0164424
heuristic_runtime:	0.280788
solving_forward:	true
reduction_is_complete:	false
reduction_quality:	0.586698
reduction_upper_bound:	65
reduction_runtime:	0.0998985
mdd_memory_consumption [MB]:	0
main_process_memory_consumption [MB]:	0
match_ilp_solution_length:	61
match_ilp_upper_bound:	61
match_ilp_runtime:	60.7671
mdd_ilp_solution_length:	61
mdd_ilp_upper_bound:	61
mdd_ilp_runtime:	2.04449
solution:	[15, 20, 65, 9, 60, 116, 93, 68, 62, 42, 40, 114, 37, 77, 115, 46, 98, 66, 124, 10, 5, 75, 21, 11, 88, 120, 104, 103, 6, 73, 80, 14, 33, 26, 70, 106, 67, 127, 41, 105, 122, 107, 126, 125, 25, 111, 117, 82, 109, 90, 28, 64, 1, 119, 79, 19, 59, 18, 30, 50, 53, ]
