solved:	true
solution_length:	43
upper_bound:	43
solution_runtime:	0.100701
heuristic_solution_length:	43
heuristic_solution_runtime:	0.00810397
heuristic_runtime:	0.0622297
solving_forward:	true
reduction_is_complete:	false
reduction_quality:	0.809045
reduction_upper_bound:	45
reduction_runtime:	0.0182535
mdd_memory_consumption [MB]:	0
main_process_memory_consumption [MB]:	0
match_ilp_solution_length:	43
match_ilp_upper_bound:	43
match_ilp_runtime:	0.0202182
mdd_ilp_solution_length:	43
mdd_ilp_upper_bound:	43
mdd_ilp_runtime:	0.00956649
solution:	[31, 100, 11, 97, 18, 99, 121, 45, 51, 13, 118, 112, 124, 48, 87, 77, 122, 22, 19, 64, 17, 116, 1, 3, 42, 114, 57, 89, 14, 110, 73, 33, 32, 98, 115, 103, 61, 25, 4, 107, 92, 111, 63, ]
