solved:	true
solution_length:	64
upper_bound:	64
solution_runtime:	2.34899
heuristic_solution_length:	64
heuristic_solution_runtime:	0.0171085
heuristic_runtime:	0.203756
solving_forward:	true
reduction_is_complete:	false
reduction_quality:	0.730344
reduction_upper_bound:	67
reduction_runtime:	0.0530288
mdd_memory_consumption [MB]:	0
main_process_memory_consumption [MB]:	0
match_ilp_solution_length:	64
match_ilp_upper_bound:	64
match_ilp_runtime:	2.0922
mdd_ilp_solution_length:	64
mdd_ilp_upper_bound:	64
mdd_ilp_runtime:	0.0908869
solution:	[22, 127, 58, 18, 29, 114, 43, 49, 8, 38, 70, 25, 66, 98, 76, 71, 35, 77, 116, 32, 95, 45, 102, 52, 19, 74, 10, 100, 15, 103, 2, 96, 20, 79, 123, 9, 48, 51, 65, 68, 125, 59, 126, 89, 122, 44, 85, 50, 55, 82, 106, 99, 93, 56, 27, 3, 72, 118, 108, 80, 14, 37, 17, 78, ]
