solved:	true
solution_length:	56
upper_bound:	56
solution_runtime:	0.12218
heuristic_solution_length:	56
heuristic_solution_runtime:	0.0116863
heuristic_runtime:	0.0883873
solving_forward:	true
reduction_is_complete:	false
reduction_quality:	0.852675
reduction_upper_bound:	58
reduction_runtime:	0.0186931
mdd_memory_consumption [MB]:	0
main_process_memory_consumption [MB]:	0
match_ilp_solution_length:	56
match_ilp_upper_bound:	56
match_ilp_runtime:	0.0150995
mdd_ilp_solution_length:	56
mdd_ilp_upper_bound:	56
mdd_ilp_runtime:	0.0118928
solution:	[16, 35, 19, 125, 61, 54, 90, 1, 102, 105, 127, 9, 122, 51, 56, 99, 111, 34, 30, 63, 65, 117, 0, 3, 124, 40, 119, 104, 74, 17, 91, 106, 93, 115, 86, 52, 79, 48, 70, 4, 27, 6, 55, 20, 81, 14, 58, 53, 83, 98, 109, 15, 120, 43, 46, 114, ]
