solved:	true
solution_length:	70
upper_bound:	70
solution_runtime:	47.0632
heuristic_solution_length:	70
heuristic_solution_runtime:	0.0732015
heuristic_runtime:	0.534898
solving_forward:	true
reduction_is_complete:	false
reduction_quality:	0.647142
reduction_upper_bound:	75
reduction_runtime:	0.121298
mdd_memory_consumption [MB]:	0
main_process_memory_consumption [MB]:	0
match_ilp_solution_length:	70
match_ilp_upper_bound:	70
match_ilp_runtime:	46.407
mdd_ilp_solution_length:	70
mdd_ilp_upper_bound:	70
mdd_ilp_runtime:	1.07011
solution:	[75, 85, 109, 66, 33, 123, 3, 117, 70, 96, 106, 82, 104, 100, 86, 57, 91, 127, 62, 64, 73, 8, 108, 80, 22, 122, 0, 46, 20, 87, 34, 78, 26, 115, 65, 72, 83, 31, 12, 120, 38, 23, 14, 118, 43, 49, 97, 55, 125, 84, 40, 17, 124, 107, 39, 105, 53, 27, 51, 5, 98, 67, 9, 42, 102, 25, 36, 6, 48, 112, ]
