solved:	true
solution_length:	50
upper_bound:	50
solution_runtime:	0.0324135
heuristic_solution_length:	50
heuristic_solution_runtime:	0.0135208
heuristic_runtime:	0.0315555
solving_forward:	true
reduction_is_complete:	true
reduction_quality:	1
reduction_upper_bound:	50
reduction_runtime:	0.00085784
mdd_memory_consumption [MB]:	0
main_process_memory_consumption [MB]:	0
match_ilp_solution_length:	50
match_ilp_upper_bound:	50
match_ilp_runtime:	1.04e-07
mdd_ilp_solution_length:	50
mdd_ilp_upper_bound:	50
mdd_ilp_runtime:	5.9e-08
solution:	[60, 212, 150, 157, 38, 138, 91, 145, 116, 79, 90, 207, 22, 106, 27, 88, 184, 50, 67, 95, 39, 174, 209, 214, 253, 94, 100, 0, 189, 186, 110, 102, 12, 43, 44, 31, 201, 114, 225, 78, 96, 244, 123, 151, 206, 137, 108, 217, 65, 169, ]
