solved:	true
solution_length:	68
upper_bound:	68
solution_runtime:	0.053815
heuristic_solution_length:	68
heuristic_solution_runtime:	0.0189705
heuristic_runtime:	0.0511258
solving_forward:	true
reduction_is_complete:	true
reduction_quality:	1
reduction_upper_bound:	68
reduction_runtime:	0.00268904
mdd_memory_consumption [MB]:	0
main_process_memory_consumption [MB]:	0
match_ilp_solution_length:	68
match_ilp_upper_bound:	68
match_ilp_runtime:	1.01e-07
mdd_ilp_solution_length:	68
mdd_ilp_upper_bound:	68
mdd_ilp_runtime:	4.3e-08
solution:	[54, 95, 58, 231, 89, 196, 193, 141, 212, 202, 62, 136, 87, 137, 127, 5, 235, 246, 67, 211, 25, 230, 208, 143, 121, 254, 60, 45, 220, 243, 11, 155, 173, 65, 214, 184, 175, 197, 239, 97, 34, 40, 63, 33, 94, 106, 80, 234, 228, 86, 207, 162, 250, 164, 51, 20, 178, 167, 16, 163, 18, 10, 75, 104, 99, 194, 15, 221, ]
