solved:	true
solution_length:	53
upper_bound:	53
solution_runtime:	0.0134221
heuristic_solution_length:	53
heuristic_solution_runtime:	0.0130546
heuristic_runtime:	0.013398
solving_forward:	true
reduction_is_complete:	true
reduction_quality:	1
reduction_upper_bound:	53
reduction_runtime:	2.3968e-05
mdd_memory_consumption [MB]:	0
main_process_memory_consumption [MB]:	0
match_ilp_solution_length:	53
match_ilp_upper_bound:	53
match_ilp_runtime:	1.32e-07
mdd_ilp_solution_length:	53
mdd_ilp_upper_bound:	53
mdd_ilp_runtime:	5.6e-08
solution:	[183, 20, 231, 69, 17, 193, 166, 55, 125, 135, 16, 248, 218, 107, 138, 196, 12, 106, 130, 165, 132, 206, 90, 11, 3, 246, 172, 102, 105, 40, 119, 124, 114, 28, 181, 191, 127, 201, 224, 235, 54, 94, 163, 62, 237, 200, 220, 26, 118, 184, 29, 230, 85, ]
