solved:	true
solution_length:	92
upper_bound:	92
solution_runtime:	6.3302
heuristic_solution_length:	92
heuristic_solution_runtime:	0.0483261
heuristic_runtime:	0.800177
solving_forward:	true
reduction_is_complete:	false
reduction_quality:	0.784456
reduction_upper_bound:	96
reduction_runtime:	0.248222
mdd_memory_consumption [MB]:	0
main_process_memory_consumption [MB]:	0
match_ilp_solution_length:	92
match_ilp_upper_bound:	92
match_ilp_runtime:	5.2818
mdd_ilp_solution_length:	92
mdd_ilp_upper_bound:	92
mdd_ilp_runtime:	11.045
solution:	[137, 190, 12, 187, 147, 228, 167, 43, 40, 11, 19, 39, 144, 119, 245, 189, 117, 14, 182, 206, 30, 172, 135, 50, 216, 111, 46, 44, 162, 74, 155, 164, 105, 33, 56, 37, 49, 229, 5, 75, 249, 185, 65, 180, 157, 103, 252, 230, 115, 240, 79, 41, 207, 98, 244, 81, 125, 192, 173, 199, 53, 200, 73, 52, 106, 128, 90, 251, 99, 178, 145, 129, 136, 83, 152, 235, 159, 76, 174, 186, 255, 123, 237, 70, 84, 160, 153, 175, 243, 151, 222, 203, ]
