solved:	true
solution_length:	56
upper_bound:	56
solution_runtime:	0.0253888
heuristic_solution_length:	56
heuristic_solution_runtime:	0.0138843
heuristic_runtime:	0.0247913
solving_forward:	true
reduction_is_complete:	true
reduction_quality:	1
reduction_upper_bound:	56
reduction_runtime:	0.000597453
mdd_memory_consumption [MB]:	0
main_process_memory_consumption [MB]:	0
match_ilp_solution_length:	56
match_ilp_upper_bound:	56
match_ilp_runtime:	1.1e-07
mdd_ilp_solution_length:	56
mdd_ilp_upper_bound:	56
mdd_ilp_runtime:	4e-08
solution:	[202, 123, 115, 182, 69, 206, 22, 17, 167, 161, 106, 210, 225, 12, 61, 79, 162, 170, 209, 178, 243, 42, 255, 107, 135, 39, 113, 92, 190, 80, 26, 214, 227, 171, 1, 54, 21, 84, 205, 204, 144, 188, 117, 53, 101, 57, 16, 93, 181, 219, 231, 252, 114, 70, 176, 120, ]
