solved:	true
solution_length:	57
upper_bound:	57
solution_runtime:	0.0332325
heuristic_solution_length:	57
heuristic_solution_runtime:	0.0149028
heuristic_runtime:	0.0320885
solving_forward:	true
reduction_is_complete:	true
reduction_quality:	1
reduction_upper_bound:	57
reduction_runtime:	0.00114392
mdd_memory_consumption [MB]:	0
main_process_memory_consumption [MB]:	0
match_ilp_solution_length:	57
match_ilp_upper_bound:	57
match_ilp_runtime:	1.5e-07
mdd_ilp_solution_length:	57
mdd_ilp_upper_bound:	57
mdd_ilp_runtime:	5.1e-08
solution:	[37, 137, 92, 236, 73, 228, 116, 53, 69, 21, 255, 213, 227, 194, 120, 84, 123, 4, 200, 50, 131, 57, 98, 79, 81, 31, 1, 143, 232, 180, 224, 33, 148, 64, 13, 149, 63, 133, 174, 177, 75, 156, 128, 105, 35, 230, 100, 118, 208, 14, 214, 152, 25, 16, 54, 147, 182, ]
