solved:	true
solution_length:	56
upper_bound:	56
solution_runtime:	0.0271453
heuristic_solution_length:	56
heuristic_solution_runtime:	0.0145315
heuristic_runtime:	0.0266714
solving_forward:	true
reduction_is_complete:	true
reduction_quality:	1
reduction_upper_bound:	56
reduction_runtime:	0.00047382
mdd_memory_consumption [MB]:	0
main_process_memory_consumption [MB]:	0
match_ilp_solution_length:	56
match_ilp_upper_bound:	56
match_ilp_runtime:	1.07e-07
mdd_ilp_solution_length:	56
mdd_ilp_upper_bound:	56
mdd_ilp_runtime:	4.9e-08
solution:	[241, 242, 39, 56, 163, 83, 166, 210, 216, 31, 113, 217, 143, 205, 165, 200, 148, 47, 253, 73, 53, 43, 192, 60, 126, 112, 249, 15, 231, 197, 118, 224, 144, 255, 160, 67, 191, 194, 170, 154, 162, 248, 99, 124, 164, 111, 157, 175, 42, 120, 63, 44, 202, 55, 18, 105, ]
