solved:	true
solution_length:	57
upper_bound:	57
solution_runtime:	0.0166844
heuristic_solution_length:	57
heuristic_solution_runtime:	0.0162028
heuristic_runtime:	0.0166575
solving_forward:	true
reduction_is_complete:	true
reduction_quality:	1
reduction_upper_bound:	57
reduction_runtime:	2.674e-05
mdd_memory_consumption [MB]:	0
main_process_memory_consumption [MB]:	0
match_ilp_solution_length:	57
match_ilp_upper_bound:	57
match_ilp_runtime:	1.74e-07
mdd_ilp_solution_length:	57
mdd_ilp_upper_bound:	57
mdd_ilp_runtime:	7.4e-08
solution:	[32, 234, 244, 34, 192, 255, 98, 121, 77, 6, 226, 23, 88, 37, 89, 119, 97, 231, 198, 75, 114, 79, 247, 71, 117, 9, 27, 51, 196, 78, 33, 254, 100, 127, 238, 110, 50, 5, 19, 177, 178, 205, 107, 105, 8, 104, 169, 11, 239, 153, 163, 47, 73, 152, 66, 131, 20, ]
