solved:	true
solution_length:	53
upper_bound:	53
solution_runtime:	0.0147538
heuristic_solution_length:	53
heuristic_solution_runtime:	0.0147282
heuristic_runtime:	0.0147507
solving_forward:	true
reduction_is_complete:	true
reduction_quality:	1
reduction_upper_bound:	53
reduction_runtime:	2.944e-06
mdd_memory_consumption [MB]:	0
main_process_memory_consumption [MB]:	0
match_ilp_solution_length:	53
match_ilp_upper_bound:	53
match_ilp_runtime:	1.31e-07
mdd_ilp_solution_length:	53
mdd_ilp_upper_bound:	53
mdd_ilp_runtime:	5.7e-08
solution:	[75, 176, 93, 204, 186, 14, 144, 212, 58, 21, 76, 45, 126, 80, 111, 249, 161, 95, 43, 31, 87, 143, 54, 36, 148, 17, 20, 153, 203, 39, 140, 105, 66, 180, 209, 242, 146, 8, 12, 151, 123, 152, 19, 33, 160, 2, 252, 29, 114, 128, 207, 119, 230, ]
