solved:	true
solution_length:	74
upper_bound:	74
solution_runtime:	0.0518412
heuristic_solution_length:	74
heuristic_solution_runtime:	0.0232647
heuristic_runtime:	0.0500485
solving_forward:	true
reduction_is_complete:	true
reduction_quality:	1
reduction_upper_bound:	74
reduction_runtime:	0.00179259
mdd_memory_consumption [MB]:	0
main_process_memory_consumption [MB]:	0
match_ilp_solution_length:	74
match_ilp_upper_bound:	74
match_ilp_runtime:	9.5e-08
mdd_ilp_solution_length:	74
mdd_ilp_upper_bound:	74
mdd_ilp_runtime:	6.1e-08
solution:	[3, 1, 20, 108, 80, 0, 33, 26, 98, 88, 213, 114, 217, 199, 77, 241, 70, 234, 203, 18, 65, 168, 169, 142, 29, 222, 144, 105, 35, 44, 164, 242, 111, 128, 30, 163, 49, 243, 45, 58, 135, 202, 176, 61, 238, 43, 219, 197, 171, 178, 32, 156, 31, 137, 41, 225, 181, 127, 237, 22, 76, 12, 249, 182, 110, 23, 218, 136, 211, 11, 117, 231, 4, 68, ]
