solved:	true
solution_length:	80
upper_bound:	80
solution_runtime:	0.475549
heuristic_solution_length:	80
heuristic_solution_runtime:	0.0358935
heuristic_runtime:	0.258844
solving_forward:	true
reduction_is_complete:	false
reduction_quality:	0.839148
reduction_upper_bound:	83
reduction_runtime:	0.0468479
mdd_memory_consumption [MB]:	0
main_process_memory_consumption [MB]:	0
match_ilp_solution_length:	80
match_ilp_upper_bound:	80
match_ilp_runtime:	0.169858
mdd_ilp_solution_length:	80
mdd_ilp_upper_bound:	80
mdd_ilp_runtime:	0.0245935
solution:	[239, 74, 3, 162, 126, 124, 188, 101, 71, 241, 2, 206, 22, 168, 100, 1, 6, 238, 95, 223, 19, 81, 192, 16, 120, 105, 56, 170, 110, 109, 227, 20, 46, 140, 186, 89, 184, 58, 76, 209, 215, 247, 200, 122, 205, 240, 62, 45, 104, 59, 237, 98, 53, 226, 12, 97, 90, 185, 5, 143, 33, 121, 254, 164, 160, 82, 35, 48, 24, 7, 222, 199, 183, 137, 119, 196, 248, 28, 194, 252, ]
