solved:	true
solution_length:	95
upper_bound:	95
solution_runtime:	1.05029
heuristic_solution_length:	95
heuristic_solution_runtime:	0.0434307
heuristic_runtime:	0.823984
solving_forward:	true
reduction_is_complete:	false
reduction_quality:	0.880742
reduction_upper_bound:	97
reduction_runtime:	0.147952
mdd_memory_consumption [MB]:	0
main_process_memory_consumption [MB]:	0
match_ilp_solution_length:	95
match_ilp_upper_bound:	95
match_ilp_runtime:	0.0783498
mdd_ilp_solution_length:	95
mdd_ilp_upper_bound:	95
mdd_ilp_runtime:	0.0390235
solution:	[143, 21, 220, 54, 194, 93, 32, 214, 182, 164, 197, 2, 161, 120, 78, 37, 166, 148, 212, 102, 146, 20, 25, 205, 28, 147, 200, 246, 239, 141, 1, 99, 0, 245, 95, 58, 236, 84, 230, 85, 155, 193, 226, 251, 128, 211, 108, 76, 5, 43, 97, 215, 9, 124, 137, 13, 101, 229, 247, 96, 72, 114, 145, 48, 162, 169, 140, 159, 149, 210, 136, 163, 116, 243, 104, 189, 8, 127, 191, 14, 3, 150, 53, 188, 133, 29, 69, 111, 64, 31, 209, 34, 190, 125, 203, ]
