solved:	true
solution_length:	81
upper_bound:	81
solution_runtime:	0.434647
heuristic_solution_length:	81
heuristic_solution_runtime:	0.0354668
heuristic_runtime:	0.35212
solving_forward:	false
reduction_is_complete:	false
reduction_quality:	1
reduction_upper_bound:	81
reduction_runtime:	0.082527
mdd_memory_consumption [MB]:	0
main_process_memory_consumption [MB]:	0
match_ilp_solution_length:	81
match_ilp_upper_bound:	81
match_ilp_runtime:	9.6e-08
mdd_ilp_solution_length:	81
mdd_ilp_upper_bound:	81
mdd_ilp_runtime:	5.8e-08
solution:	[96, 9, 145, 203, 73, 56, 41, 92, 183, 210, 115, 3, 47, 1, 110, 161, 60, 240, 163, 126, 208, 81, 74, 13, 156, 193, 83, 186, 167, 172, 252, 191, 149, 244, 39, 221, 154, 117, 151, 189, 179, 116, 55, 197, 108, 94, 201, 21, 248, 224, 42, 204, 213, 46, 101, 147, 139, 34, 253, 52, 202, 26, 43, 125, 103, 105, 48, 23, 230, 85, 199, 234, 124, 88, 20, 102, 170, 87, 8, 228, 138, ]
