solved:	true
solution_length:	90
upper_bound:	90
solution_runtime:	50.0835
heuristic_solution_length:	90
heuristic_solution_runtime:	0.0501547
heuristic_runtime:	0.798549
solving_forward:	false
reduction_is_complete:	false
reduction_quality:	0.720448
reduction_upper_bound:	94
reduction_runtime:	0.212198
mdd_memory_consumption [MB]:	0
main_process_memory_consumption [MB]:	0
match_ilp_solution_length:	90
match_ilp_upper_bound:	90
match_ilp_runtime:	49.0727
mdd_ilp_solution_length:	90
mdd_ilp_upper_bound:	90
mdd_ilp_runtime:	0.269114
solution:	[248, 252, 126, 199, 207, 171, 214, 148, 107, 194, 250, 122, 54, 92, 135, 255, 145, 37, 100, 191, 26, 94, 243, 147, 170, 196, 181, 66, 74, 96, 2, 197, 112, 23, 174, 108, 244, 113, 226, 169, 31, 253, 236, 151, 230, 162, 133, 79, 21, 175, 228, 210, 30, 89, 240, 90, 211, 58, 83, 231, 146, 221, 32, 141, 27, 249, 150, 218, 193, 13, 152, 65, 129, 81, 195, 50, 110, 121, 237, 87, 127, 63, 12, 68, 84, 33, 117, 177, 124, 53, ]
