solved:	true
solution_length:	71
upper_bound:	71
solution_runtime:	0.0458864
heuristic_solution_length:	71
heuristic_solution_runtime:	0.0219875
heuristic_runtime:	0.044951
solving_forward:	true
reduction_is_complete:	true
reduction_quality:	1
reduction_upper_bound:	71
reduction_runtime:	0.000935292
mdd_memory_consumption [MB]:	0
main_process_memory_consumption [MB]:	0
match_ilp_solution_length:	71
match_ilp_upper_bound:	71
match_ilp_runtime:	9.6e-08
mdd_ilp_solution_length:	71
mdd_ilp_upper_bound:	71
mdd_ilp_runtime:	4.3e-08
solution:	[250, 145, 98, 42, 165, 102, 242, 198, 72, 156, 176, 199, 19, 26, 79, 15, 159, 175, 71, 190, 14, 48, 201, 192, 24, 33, 27, 132, 128, 83, 133, 38, 99, 87, 146, 101, 111, 184, 213, 104, 125, 166, 169, 49, 163, 93, 150, 207, 197, 233, 41, 191, 179, 115, 69, 5, 61, 126, 43, 12, 76, 249, 140, 106, 25, 77, 3, 67, 149, 11, 23, ]
