solved:	true
solution_length:	96
upper_bound:	96
solution_runtime:	52.3079
heuristic_solution_length:	96
heuristic_solution_runtime:	0.0912378
heuristic_runtime:	0.885223
solving_forward:	true
reduction_is_complete:	false
reduction_quality:	0.759441
reduction_upper_bound:	99
reduction_runtime:	0.360421
mdd_memory_consumption [MB]:	0
main_process_memory_consumption [MB]:	0
match_ilp_solution_length:	96
match_ilp_upper_bound:	96
match_ilp_runtime:	51.0623
mdd_ilp_solution_length:	96
mdd_ilp_upper_bound:	96
mdd_ilp_runtime:	0.225709
solution:	[21, 193, 157, 82, 53, 177, 84, 30, 151, 22, 237, 135, 215, 131, 80, 76, 58, 188, 240, 125, 255, 100, 132, 96, 103, 35, 182, 62, 160, 198, 52, 197, 83, 10, 95, 228, 106, 104, 65, 105, 74, 121, 9, 113, 184, 168, 14, 223, 20, 70, 194, 190, 219, 186, 29, 88, 153, 159, 16, 99, 181, 4, 0, 42, 47, 143, 176, 242, 60, 26, 94, 78, 142, 32, 31, 164, 192, 166, 116, 45, 68, 85, 114, 108, 247, 63, 18, 225, 97, 89, 146, 245, 211, 119, 123, 77, ]
