solved:	true
solution_length:	57
upper_bound:	57
solution_runtime:	0.029322
heuristic_solution_length:	57
heuristic_solution_runtime:	0.0131705
heuristic_runtime:	0.0285648
solving_forward:	true
reduction_is_complete:	true
reduction_quality:	1
reduction_upper_bound:	57
reduction_runtime:	0.000757097
mdd_memory_consumption [MB]:	0
main_process_memory_consumption [MB]:	0
match_ilp_solution_length:	57
match_ilp_upper_bound:	57
match_ilp_runtime:	1e-07
mdd_ilp_solution_length:	57
mdd_ilp_upper_bound:	57
mdd_ilp_runtime:	4.4e-08
solution:	[91, 185, 18, 226, 196, 170, 115, 148, 128, 87, 214, 171, 180, 212, 153, 155, 243, 58, 70, 51, 245, 134, 161, 176, 16, 187, 183, 112, 25, 101, 34, 39, 227, 230, 110, 225, 156, 250, 77, 190, 142, 124, 131, 38, 166, 102, 141, 126, 241, 233, 53, 69, 0, 193, 194, 179, 191, ]
