solved:	true
solution_length:	96
upper_bound:	96
solution_runtime:	89.229
heuristic_solution_length:	96
heuristic_solution_runtime:	0.060512
heuristic_runtime:	0.898565
solving_forward:	true
reduction_is_complete:	false
reduction_quality:	0.702001
reduction_upper_bound:	101
reduction_runtime:	0.220221
mdd_memory_consumption [MB]:	0
main_process_memory_consumption [MB]:	0
match_ilp_solution_length:	96
match_ilp_upper_bound:	96
match_ilp_runtime:	88.1102
mdd_ilp_solution_length:	96
mdd_ilp_upper_bound:	96
mdd_ilp_runtime:	1.52844
solution:	[188, 91, 155, 20, 57, 253, 73, 80, 238, 240, 64, 214, 227, 211, 204, 162, 134, 86, 84, 192, 16, 3, 40, 167, 54, 156, 254, 161, 153, 19, 71, 217, 198, 252, 132, 37, 26, 234, 243, 105, 10, 59, 92, 163, 67, 38, 145, 191, 166, 170, 180, 235, 200, 23, 11, 127, 169, 112, 197, 55, 220, 100, 90, 22, 87, 17, 186, 175, 250, 150, 85, 102, 137, 120, 113, 106, 49, 226, 83, 140, 205, 131, 107, 12, 79, 146, 15, 244, 218, 117, 187, 229, 209, 52, 223, 237, ]
