solved:	true
solution_length:	88
upper_bound:	88
solution_runtime:	35.9338
heuristic_solution_length:	88
heuristic_solution_runtime:	0.0415459
heuristic_runtime:	0.732228
solving_forward:	true
reduction_is_complete:	false
reduction_quality:	0.763898
reduction_upper_bound:	91
reduction_runtime:	0.206641
mdd_memory_consumption [MB]:	0
main_process_memory_consumption [MB]:	0
match_ilp_solution_length:	88
match_ilp_upper_bound:	88
match_ilp_runtime:	34.9949
mdd_ilp_solution_length:	88
mdd_ilp_upper_bound:	88
mdd_ilp_runtime:	0.236308
solution:	[146, 181, 77, 127, 242, 199, 53, 201, 118, 43, 173, 42, 141, 187, 159, 36, 98, 2, 80, 24, 47, 125, 226, 15, 72, 87, 30, 203, 46, 245, 51, 208, 12, 133, 92, 65, 178, 44, 78, 101, 175, 39, 35, 67, 5, 168, 140, 112, 107, 58, 160, 240, 26, 224, 96, 221, 171, 206, 250, 119, 13, 88, 84, 244, 148, 157, 117, 193, 21, 6, 60, 198, 194, 197, 150, 75, 90, 66, 149, 102, 252, 105, 3, 134, 55, 94, 227, 99, ]
