solved:	true
solution_length:	53
upper_bound:	53
solution_runtime:	0.0277483
heuristic_solution_length:	53
heuristic_solution_runtime:	0.0140011
heuristic_runtime:	0.0270889
solving_forward:	true
reduction_is_complete:	true
reduction_quality:	1
reduction_upper_bound:	53
reduction_runtime:	0.00065924
mdd_memory_consumption [MB]:	0
main_process_memory_consumption [MB]:	0
match_ilp_solution_length:	53
match_ilp_upper_bound:	53
match_ilp_runtime:	1.29e-07
mdd_ilp_solution_length:	53
mdd_ilp_upper_bound:	53
mdd_ilp_runtime:	5.1e-08
solution:	[119, 123, 24, 99, 29, 229, 163, 45, 195, 139, 224, 169, 147, 40, 90, 77, 172, 238, 92, 247, 12, 232, 203, 68, 22, 213, 15, 188, 13, 173, 166, 55, 74, 6, 226, 144, 161, 131, 105, 14, 254, 108, 17, 217, 2, 199, 104, 86, 242, 56, 49, 124, 202, ]
