solved:	true
solution_length:	51
upper_bound:	51
solution_runtime:	0.0135452
heuristic_solution_length:	51
heuristic_solution_runtime:	0.0131718
heuristic_runtime:	0.013521
solving_forward:	true
reduction_is_complete:	true
reduction_quality:	1
reduction_upper_bound:	51
reduction_runtime:	2.4107e-05
mdd_memory_consumption [MB]:	0
main_process_memory_consumption [MB]:	0
match_ilp_solution_length:	51
match_ilp_upper_bound:	51
match_ilp_runtime:	1.32e-07
mdd_ilp_solution_length:	51
mdd_ilp_upper_bound:	51
mdd_ilp_runtime:	5.7e-08
solution:	[91, 26, 65, 174, 159, 246, 144, 224, 104, 207, 83, 1, 115, 210, 21, 102, 32, 79, 244, 205, 25, 226, 125, 118, 197, 57, 128, 8, 94, 114, 139, 63, 204, 198, 112, 48, 41, 42, 248, 113, 20, 119, 219, 60, 17, 88, 190, 148, 249, 74, 117, ]
