solved:	true
solution_length:	59
upper_bound:	59
solution_runtime:	0.0391946
heuristic_solution_length:	59
heuristic_solution_runtime:	0.0139349
heuristic_runtime:	0.037174
solving_forward:	true
reduction_is_complete:	true
reduction_quality:	1
reduction_upper_bound:	59
reduction_runtime:	0.00202055
mdd_memory_consumption [MB]:	0
main_process_memory_consumption [MB]:	0
match_ilp_solution_length:	59
match_ilp_upper_bound:	59
match_ilp_runtime:	1.03e-07
mdd_ilp_solution_length:	59
mdd_ilp_upper_bound:	59
mdd_ilp_runtime:	5.8e-08
solution:	[98, 11, 2, 30, 223, 48, 66, 3, 170, 204, 100, 115, 200, 254, 252, 87, 104, 207, 139, 238, 192, 109, 148, 45, 47, 136, 64, 92, 130, 90, 33, 34, 195, 190, 123, 131, 180, 229, 201, 245, 135, 202, 4, 242, 88, 111, 22, 178, 155, 228, 137, 86, 141, 150, 210, 205, 19, 101, 224, ]
