solved:	true
solution_length:	79
upper_bound:	79
solution_runtime:	0.0832765
heuristic_solution_length:	79
heuristic_solution_runtime:	0.0429053
heuristic_runtime:	0.0821133
solving_forward:	true
reduction_is_complete:	true
reduction_quality:	1
reduction_upper_bound:	79
reduction_runtime:	0.0011631
mdd_memory_consumption [MB]:	0
main_process_memory_consumption [MB]:	0
match_ilp_solution_length:	79
match_ilp_upper_bound:	79
match_ilp_runtime:	9.3e-08
mdd_ilp_solution_length:	79
mdd_ilp_upper_bound:	79
mdd_ilp_runtime:	4.1e-08
solution:	[70, 69, 293, 398, 485, 264, 217, 153, 78, 495, 165, 121, 132, 348, 233, 381, 380, 274, 282, 169, 438, 39, 252, 28, 12, 312, 234, 55, 179, 308, 326, 211, 81, 155, 122, 205, 193, 392, 4, 385, 389, 428, 96, 219, 364, 61, 91, 42, 157, 424, 11, 458, 423, 151, 20, 454, 448, 276, 201, 1, 482, 164, 415, 256, 7, 324, 344, 443, 403, 71, 387, 131, 409, 25, 357, 277, 266, 138, 477, ]
