solved:	true
solution_length:	77
upper_bound:	77
solution_runtime:	0.0426101
heuristic_solution_length:	77
heuristic_solution_runtime:	0.0418502
heuristic_runtime:	0.0425864
solving_forward:	true
reduction_is_complete:	true
reduction_quality:	1
reduction_upper_bound:	77
reduction_runtime:	2.3637e-05
mdd_memory_consumption [MB]:	0
main_process_memory_consumption [MB]:	0
match_ilp_solution_length:	77
match_ilp_upper_bound:	77
match_ilp_runtime:	1.13e-07
mdd_ilp_solution_length:	77
mdd_ilp_upper_bound:	77
mdd_ilp_runtime:	5.6e-08
solution:	[159, 362, 429, 199, 172, 503, 237, 58, 162, 477, 198, 104, 262, 10, 46, 116, 130, 151, 397, 422, 404, 167, 479, 37, 451, 504, 245, 277, 405, 418, 11, 155, 455, 390, 400, 419, 12, 113, 376, 59, 492, 500, 423, 112, 109, 458, 126, 506, 291, 363, 280, 223, 453, 360, 468, 440, 3, 252, 148, 203, 36, 485, 16, 452, 323, 374, 354, 307, 108, 114, 353, 189, 330, 65, 170, 328, 495, ]
