solved:	true
solution_length:	81
upper_bound:	81
solution_runtime:	0.0830473
heuristic_solution_length:	81
heuristic_solution_runtime:	0.0443394
heuristic_runtime:	0.0820951
solving_forward:	true
reduction_is_complete:	true
reduction_quality:	1
reduction_upper_bound:	81
reduction_runtime:	0.00095206
mdd_memory_consumption [MB]:	0
main_process_memory_consumption [MB]:	0
match_ilp_solution_length:	81
match_ilp_upper_bound:	81
match_ilp_runtime:	9.2e-08
mdd_ilp_solution_length:	81
mdd_ilp_upper_bound:	81
mdd_ilp_runtime:	4.1e-08
solution:	[288, 304, 25, 426, 194, 484, 393, 256, 478, 58, 245, 175, 125, 298, 341, 161, 476, 160, 97, 363, 96, 178, 470, 20, 23, 308, 325, 312, 188, 357, 15, 163, 243, 455, 39, 418, 432, 490, 164, 224, 293, 29, 223, 38, 465, 36, 326, 84, 409, 50, 128, 440, 108, 16, 374, 322, 115, 453, 263, 433, 348, 268, 53, 335, 250, 485, 12, 459, 375, 299, 461, 6, 154, 228, 282, 116, 349, 85, 21, 439, 373, ]
