solved:	true
solution_length:	77
upper_bound:	77
solution_runtime:	0.0795139
heuristic_solution_length:	77
heuristic_solution_runtime:	0.0447929
heuristic_runtime:	0.0785831
solving_forward:	true
reduction_is_complete:	true
reduction_quality:	1
reduction_upper_bound:	77
reduction_runtime:	0.000930637
mdd_memory_consumption [MB]:	0
main_process_memory_consumption [MB]:	0
match_ilp_solution_length:	77
match_ilp_upper_bound:	77
match_ilp_runtime:	1.3e-07
mdd_ilp_solution_length:	77
mdd_ilp_upper_bound:	77
mdd_ilp_runtime:	4e-08
solution:	[72, 226, 392, 238, 0, 33, 427, 456, 70, 432, 397, 267, 257, 141, 60, 414, 58, 423, 220, 395, 413, 329, 417, 217, 39, 481, 122, 160, 485, 35, 442, 282, 15, 145, 147, 471, 470, 367, 451, 185, 211, 325, 240, 319, 358, 103, 171, 506, 121, 150, 234, 484, 134, 237, 176, 54, 406, 357, 366, 179, 277, 114, 446, 227, 379, 140, 194, 389, 480, 236, 53, 407, 80, 36, 336, 186, 198, ]
