solved:	true
solution_length:	118
upper_bound:	118
solution_runtime:	0.957046
heuristic_solution_length:	118
heuristic_solution_runtime:	0.10176
heuristic_runtime:	0.868205
solving_forward:	true
reduction_is_complete:	true
reduction_quality:	1
reduction_upper_bound:	118
reduction_runtime:	0.0888403
mdd_memory_consumption [MB]:	0
main_process_memory_consumption [MB]:	0
match_ilp_solution_length:	118
match_ilp_upper_bound:	118
match_ilp_runtime:	1.42e-07
mdd_ilp_solution_length:	118
mdd_ilp_upper_bound:	118
mdd_ilp_runtime:	4.8e-08
solution:	[488, 417, 133, 243, 182, 499, 137, 325, 22, 79, 99, 24, 475, 471, 47, 493, 89, 276, 2, 60, 73, 331, 301, 97, 279, 51, 65, 385, 214, 384, 72, 92, 228, 424, 280, 215, 303, 273, 400, 0, 398, 296, 237, 130, 4, 304, 180, 87, 20, 12, 100, 481, 477, 419, 371, 3, 316, 382, 131, 360, 67, 491, 310, 378, 232, 462, 189, 85, 42, 294, 421, 479, 14, 487, 411, 501, 263, 473, 111, 346, 430, 492, 52, 506, 66, 509, 264, 340, 6, 482, 375, 141, 447, 15, 105, 54, 121, 318, 208, 238, 33, 241, 456, 458, 442, 252, 308, 101, 70, 500, 383, 269, 75, 299, 203, 464, 307, 342, ]
