solved:	true
solution_length:	80
upper_bound:	80
solution_runtime:	0.117711
heuristic_solution_length:	80
heuristic_solution_runtime:	0.1173
heuristic_runtime:	0.117708
solving_forward:	true
reduction_is_complete:	true
reduction_quality:	1
reduction_upper_bound:	80
reduction_runtime:	2.98e-06
mdd_memory_consumption [MB]:	0
main_process_memory_consumption [MB]:	0
match_ilp_solution_length:	80
match_ilp_upper_bound:	80
match_ilp_runtime:	1.29e-07
mdd_ilp_solution_length:	80
mdd_ilp_upper_bound:	80
mdd_ilp_runtime:	4.1e-08
solution:	[44, 0, 37, 35, 4, 47, 46, 26, 31, 45, 79, 73, 40, 77, 17, 76, 16, 58, 13, 39, 41, 66, 51, 1, 54, 5, 60, 70, 78, 34, 10, 19, 49, 62, 63, 15, 75, 50, 68, 38, 69, 61, 36, 64, 8, 18, 28, 52, 59, 33, 57, 14, 71, 2, 23, 25, 67, 43, 22, 11, 21, 29, 30, 7, 12, 55, 72, 42, 32, 65, 24, 6, 3, 48, 74, 9, 53, 20, 56, 27, ]
