solved:	false
solution_length:	78
upper_bound:	80
solution_runtime:	1808.31
heuristic_solution_length:	78
heuristic_solution_runtime:	0.19607
heuristic_runtime:	4.40831
solving_forward:	true
reduction_is_complete:	false
reduction_quality:	0.283687
reduction_upper_bound:	80
reduction_runtime:	2.08916
mdd_memory_consumption [MB]:	0
main_process_memory_consumption [MB]:	8
match_ilp_solution_length:	78
match_ilp_upper_bound:	80
match_ilp_runtime:	1801.82
mdd_ilp_solution_length:	78
mdd_ilp_upper_bound:	80
mdd_ilp_runtime:	1800.51
solution:	[77, 6, 68, 75, 60, 33, 10, 47, 54, 62, 71, 76, 56, 37, 21, 78, 52, 15, 20, 64, 14, 7, 72, 46, 2, 58, 57, 65, 23, 22, 43, 49, 67, 3, 45, 32, 19, 27, 18, 11, 69, 70, 51, 38, 5, 42, 16, 35, 36, 74, 8, 17, 0, 48, 4, 53, 26, 66, 12, 79, 73, 1, 29, 31, 55, 63, 40, 34, 25, 61, 28, 13, 50, 41, 59, 30, 44, 39, ]
