solved:	false
solution_length:	79
upper_bound:	80
solution_runtime:	1806.44
heuristic_solution_length:	79
heuristic_solution_runtime:	1.04122
heuristic_runtime:	4.30583
solving_forward:	false
reduction_is_complete:	false
reduction_quality:	0.453582
reduction_upper_bound:	80
reduction_runtime:	1.3277
mdd_memory_consumption [MB]:	0
main_process_memory_consumption [MB]:	6
match_ilp_solution_length:	79
match_ilp_upper_bound:	80
match_ilp_runtime:	1800.8
mdd_ilp_solution_length:	79
mdd_ilp_upper_bound:	80
mdd_ilp_runtime:	1800.3
solution:	[54, 48, 27, 79, 14, 77, 53, 73, 66, 20, 31, 38, 25, 64, 5, 34, 71, 37, 6, 74, 36, 40, 63, 43, 2, 3, 24, 57, 50, 23, 16, 7, 11, 46, 4, 22, 72, 61, 69, 52, 13, 0, 59, 60, 26, 35, 18, 39, 51, 75, 33, 42, 15, 45, 9, 30, 68, 49, 47, 10, 65, 41, 17, 58, 19, 29, 1, 78, 8, 44, 56, 70, 76, 12, 32, 67, 28, 21, 55, ]
