solved:	true
solution_length:	80
upper_bound:	80
solution_runtime:	0.681112
heuristic_solution_length:	80
heuristic_solution_runtime:	0.680772
heuristic_runtime:	0.681108
solving_forward:	true
reduction_is_complete:	true
reduction_quality:	1
reduction_upper_bound:	80
reduction_runtime:	4.036e-06
mdd_memory_consumption [MB]:	0
main_process_memory_consumption [MB]:	0
match_ilp_solution_length:	80
match_ilp_upper_bound:	80
match_ilp_runtime:	1.24e-07
mdd_ilp_solution_length:	80
mdd_ilp_upper_bound:	80
mdd_ilp_runtime:	4.1e-08
solution:	[51, 34, 53, 60, 67, 45, 9, 66, 30, 58, 70, 35, 8, 2, 73, 47, 12, 18, 26, 52, 56, 77, 57, 46, 68, 25, 23, 14, 40, 55, 36, 72, 78, 19, 65, 76, 15, 16, 75, 5, 24, 32, 43, 71, 74, 49, 3, 6, 28, 10, 20, 11, 59, 33, 41, 79, 22, 39, 61, 29, 50, 44, 7, 37, 42, 31, 1, 62, 54, 0, 69, 13, 17, 63, 21, 27, 38, 48, 64, 4, ]
