solved:	false
solution_length:	78
upper_bound:	80
solution_runtime:	1805.82
heuristic_solution_length:	78
heuristic_solution_runtime:	0.194999
heuristic_runtime:	3.55889
solving_forward:	false
reduction_is_complete:	false
reduction_quality:	0.45554
reduction_upper_bound:	80
reduction_runtime:	1.43812
mdd_memory_consumption [MB]:	0
main_process_memory_consumption [MB]:	5
match_ilp_solution_length:	78
match_ilp_upper_bound:	80
match_ilp_runtime:	1800.82
mdd_ilp_solution_length:	78
mdd_ilp_upper_bound:	80
mdd_ilp_runtime:	1800.22
solution:	[47, 79, 28, 26, 68, 55, 76, 53, 39, 31, 43, 40, 33, 75, 70, 15, 21, 14, 71, 8, 52, 34, 10, 7, 30, 23, 5, 27, 22, 63, 35, 4, 54, 3, 72, 36, 29, 78, 32, 62, 48, 18, 12, 25, 45, 11, 64, 74, 0, 9, 37, 16, 51, 38, 17, 61, 66, 56, 20, 59, 60, 57, 77, 46, 13, 2, 19, 42, 50, 44, 65, 58, 41, 24, 73, 67, 1, 49, ]
