solved:	false
solution_length:	78
upper_bound:	80
solution_runtime:	1807.56
heuristic_solution_length:	78
heuristic_solution_runtime:	0.0922466
heuristic_runtime:	4.16047
solving_forward:	true
reduction_is_complete:	false
reduction_quality:	0.325819
reduction_upper_bound:	80
reduction_runtime:	1.89829
mdd_memory_consumption [MB]:	0
main_process_memory_consumption [MB]:	8
match_ilp_solution_length:	78
match_ilp_upper_bound:	80
match_ilp_runtime:	1801.5
mdd_ilp_solution_length:	78
mdd_ilp_upper_bound:	80
mdd_ilp_runtime:	1800.35
solution:	[49, 39, 4, 10, 19, 18, 64, 73, 71, 25, 26, 22, 66, 40, 15, 7, 24, 78, 59, 67, 53, 68, 50, 72, 30, 34, 32, 52, 65, 43, 46, 76, 3, 33, 17, 2, 20, 58, 60, 0, 6, 55, 28, 29, 13, 5, 21, 63, 51, 38, 27, 47, 74, 69, 35, 8, 12, 9, 62, 48, 41, 37, 75, 31, 42, 56, 57, 61, 54, 14, 70, 36, 44, 45, 79, 77, 1, 23, ]
