solved:	true
solution_length:	80
upper_bound:	80
solution_runtime:	0.291883
heuristic_solution_length:	80
heuristic_solution_runtime:	0.291703
heuristic_runtime:	0.291879
solving_forward:	true
reduction_is_complete:	true
reduction_quality:	1
reduction_upper_bound:	80
reduction_runtime:	3.858e-06
mdd_memory_consumption [MB]:	0
main_process_memory_consumption [MB]:	0
match_ilp_solution_length:	80
match_ilp_upper_bound:	80
match_ilp_runtime:	9e-08
mdd_ilp_solution_length:	80
mdd_ilp_upper_bound:	80
mdd_ilp_runtime:	4.2e-08
solution:	[75, 4, 36, 13, 28, 53, 26, 40, 20, 27, 16, 44, 47, 61, 45, 59, 19, 18, 54, 60, 29, 62, 39, 74, 6, 70, 55, 42, 58, 46, 50, 22, 8, 41, 49, 3, 32, 12, 37, 14, 33, 78, 56, 67, 76, 69, 35, 34, 2, 7, 24, 38, 5, 31, 1, 17, 52, 72, 10, 77, 68, 66, 65, 15, 64, 63, 25, 0, 51, 9, 79, 48, 30, 21, 71, 73, 57, 23, 11, 43, ]
