solved:	true
solution_length:	57
upper_bound:	57
solution_runtime:	0.0651107
heuristic_solution_length:	57
heuristic_solution_runtime:	0.0332538
heuristic_runtime:	0.0631774
solving_forward:	true
reduction_is_complete:	true
reduction_quality:	1
reduction_upper_bound:	57
reduction_runtime:	0.00193321
mdd_memory_consumption:	0
main_process_memory_consumption:	0
match_ilp_solution_length:	57
match_ilp_upper_bound:	57
match_ilp_runtime:	1.01e-07
mdd_ilp_solution_length:	57
mdd_ilp_upper_bound:	57
mdd_ilp_runtime:	4.1e-08
solution:	[816, 223, 642, 338, 129, 241, 283, 743, 477, 47, 371, 570, 830, 518, 51, 504, 171, 855, 404, 798, 725, 603, 622, 895, 271, 468, 819, 525, 721, 186, 132, 779, 842, 564, 483, 717, 121, 686, 792, 82, 647, 870, 352, 881, 443, 225, 508, 199, 790, 252, 95, 521, 402, 775, 135, 259, 885, ]
