solved:	true
solution_length:	62
upper_bound:	62
solution_runtime:	0.117614
heuristic_solution_length:	62
heuristic_solution_runtime:	0.0342013
heuristic_runtime:	0.108263
solving_forward:	true
reduction_is_complete:	true
reduction_quality:	1
reduction_upper_bound:	62
reduction_runtime:	0.00935039
mdd_memory_consumption:	0
main_process_memory_consumption:	0
match_ilp_solution_length:	62
match_ilp_upper_bound:	62
match_ilp_runtime:	1e-07
mdd_ilp_solution_length:	62
mdd_ilp_upper_bound:	62
mdd_ilp_runtime:	5.4e-08
solution:	[564, 494, 315, 575, 464, 341, 74, 229, 324, 40, 409, 235, 296, 352, 449, 45, 237, 281, 666, 705, 331, 143, 22, 24, 20, 165, 325, 463, 590, 338, 455, 133, 171, 87, 508, 656, 364, 98, 556, 766, 755, 140, 484, 635, 751, 726, 757, 720, 391, 592, 668, 530, 162, 106, 558, 714, 563, 582, 31, 150, 600, 222, ]
