solved:	true
solution_length:	69
upper_bound:	69
solution_runtime:	0.0359446
heuristic_solution_length:	69
heuristic_solution_runtime:	0.0354845
heuristic_runtime:	0.0359187
solving_forward:	true
reduction_is_complete:	true
reduction_quality:	1
reduction_upper_bound:	69
reduction_runtime:	2.58e-05
mdd_memory_consumption:	0
main_process_memory_consumption:	0
match_ilp_solution_length:	69
match_ilp_upper_bound:	69
match_ilp_runtime:	1.06e-07
mdd_ilp_solution_length:	69
mdd_ilp_upper_bound:	69
mdd_ilp_runtime:	4.4e-08
solution:	[625, 327, 765, 160, 299, 242, 183, 136, 59, 511, 474, 412, 593, 292, 484, 311, 718, 754, 93, 173, 91, 346, 352, 21, 543, 379, 176, 480, 458, 199, 41, 1, 572, 167, 580, 465, 322, 633, 17, 490, 108, 725, 125, 333, 508, 213, 40, 179, 687, 109, 683, 399, 541, 158, 270, 762, 613, 655, 381, 616, 438, 384, 316, 22, 139, 425, 236, 451, 691, ]
