solved:	true
solution_length:	79
upper_bound:	79
solution_runtime:	0.213099
heuristic_solution_length:	79
heuristic_solution_runtime:	0.0440967
heuristic_runtime:	0.190427
solving_forward:	false
reduction_is_complete:	true
reduction_quality:	1
reduction_upper_bound:	79
reduction_runtime:	0.0226719
mdd_memory_consumption:	0
main_process_memory_consumption:	0
match_ilp_solution_length:	79
match_ilp_upper_bound:	79
match_ilp_runtime:	9.8e-08
mdd_ilp_solution_length:	79
mdd_ilp_upper_bound:	79
mdd_ilp_runtime:	5.7e-08
solution:	[340, 146, 66, 239, 199, 277, 463, 56, 28, 376, 129, 415, 38, 266, 73, 209, 210, 154, 51, 85, 98, 327, 462, 246, 258, 62, 79, 464, 448, 509, 372, 145, 49, 392, 206, 390, 207, 181, 271, 21, 468, 326, 510, 460, 483, 489, 303, 354, 426, 40, 163, 230, 139, 90, 185, 332, 142, 437, 369, 446, 211, 366, 485, 467, 57, 25, 458, 159, 486, 290, 477, 215, 238, 307, 84, 70, 286, 55, 166, ]
