solved:	true
solution_length:	92
upper_bound:	92
solution_runtime:	0.131655
heuristic_solution_length:	92
heuristic_solution_runtime:	0.0450641
heuristic_runtime:	0.129366
solving_forward:	true
reduction_is_complete:	true
reduction_quality:	1
reduction_upper_bound:	92
reduction_runtime:	0.00228883
mdd_memory_consumption:	0
main_process_memory_consumption:	0
match_ilp_solution_length:	92
match_ilp_upper_bound:	92
match_ilp_runtime:	1.2e-07
mdd_ilp_solution_length:	92
mdd_ilp_upper_bound:	92
mdd_ilp_runtime:	5.3e-08
solution:	[9, 325, 17, 227, 344, 379, 305, 318, 190, 28, 331, 106, 155, 174, 34, 183, 156, 70, 3, 180, 65, 206, 351, 145, 224, 336, 4, 239, 154, 110, 315, 182, 24, 211, 283, 23, 370, 135, 101, 184, 36, 136, 199, 87, 163, 177, 291, 88, 83, 316, 220, 121, 271, 301, 100, 355, 329, 50, 13, 187, 243, 244, 231, 6, 12, 303, 250, 21, 245, 217, 284, 312, 178, 326, 181, 171, 103, 47, 172, 131, 317, 167, 356, 359, 74, 335, 25, 292, 168, 118, 84, 15, ]
