solved:	true
solution_length:	87
upper_bound:	87
solution_runtime:	0.664743
heuristic_solution_length:	87
heuristic_solution_runtime:	0.0494299
heuristic_runtime:	0.566709
solving_forward:	false
reduction_is_complete:	true
reduction_quality:	1
reduction_upper_bound:	87
reduction_runtime:	0.0980336
mdd_memory_consumption:	0
main_process_memory_consumption:	0
match_ilp_solution_length:	87
match_ilp_upper_bound:	87
match_ilp_runtime:	1.11e-07
mdd_ilp_solution_length:	87
mdd_ilp_upper_bound:	87
mdd_ilp_runtime:	6.4e-08
solution:	[119, 336, 176, 214, 38, 218, 321, 166, 6, 369, 259, 76, 222, 368, 342, 71, 239, 21, 344, 269, 149, 9, 131, 267, 42, 7, 155, 298, 27, 242, 346, 232, 199, 28, 75, 277, 118, 80, 89, 141, 91, 60, 279, 191, 323, 273, 62, 156, 124, 113, 347, 343, 208, 15, 78, 55, 121, 231, 376, 0, 19, 274, 354, 93, 87, 224, 82, 357, 147, 146, 287, 337, 46, 33, 270, 66, 237, 260, 3, 204, 164, 40, 221, 137, 143, 31, 284, ]
