solved:	true
solution_length:	69
upper_bound:	69
solution_runtime:	0.0386469
heuristic_solution_length:	69
heuristic_solution_runtime:	0.0386249
heuristic_runtime:	0.038644
solving_forward:	true
reduction_is_complete:	true
reduction_quality:	1
reduction_upper_bound:	69
reduction_runtime:	2.773e-06
mdd_memory_consumption:	0
main_process_memory_consumption:	0
match_ilp_solution_length:	69
match_ilp_upper_bound:	69
match_ilp_runtime:	1e-07
mdd_ilp_solution_length:	69
mdd_ilp_upper_bound:	69
mdd_ilp_runtime:	4.5e-08
solution:	[585, 370, 327, 595, 435, 597, 147, 397, 332, 155, 210, 121, 382, 94, 466, 66, 193, 251, 72, 423, 401, 580, 163, 180, 98, 636, 201, 404, 631, 88, 151, 37, 217, 564, 485, 405, 517, 456, 238, 591, 80, 525, 34, 224, 479, 523, 11, 264, 164, 198, 67, 340, 360, 378, 633, 213, 628, 464, 176, 602, 315, 135, 229, 562, 70, 603, 347, 422, 420, ]
