solved:	true
solution_length:	67
upper_bound:	67
solution_runtime:	0.0622312
heuristic_solution_length:	67
heuristic_solution_runtime:	0.036427
heuristic_runtime:	0.060573
solving_forward:	true
reduction_is_complete:	true
reduction_quality:	1
reduction_upper_bound:	67
reduction_runtime:	0.00165809
mdd_memory_consumption:	0
main_process_memory_consumption:	0
match_ilp_solution_length:	67
match_ilp_upper_bound:	67
match_ilp_runtime:	9.9e-08
mdd_ilp_solution_length:	67
mdd_ilp_upper_bound:	67
mdd_ilp_runtime:	4.1e-08
solution:	[346, 631, 424, 362, 563, 457, 116, 481, 431, 10, 182, 343, 680, 87, 662, 541, 162, 742, 652, 733, 446, 316, 91, 305, 293, 64, 225, 72, 315, 423, 34, 333, 624, 554, 696, 358, 575, 285, 529, 621, 254, 30, 14, 513, 417, 765, 367, 0, 156, 560, 551, 538, 126, 471, 176, 726, 260, 113, 537, 141, 552, 406, 562, 603, 365, 84, 629, ]
