solved:	true
solution_length:	89
upper_bound:	89
solution_runtime:	0.183401
heuristic_solution_length:	89
heuristic_solution_runtime:	0.0501865
heuristic_runtime:	0.175804
solving_forward:	true
reduction_is_complete:	true
reduction_quality:	1
reduction_upper_bound:	89
reduction_runtime:	0.00759757
mdd_memory_consumption:	0
main_process_memory_consumption:	0
match_ilp_solution_length:	89
match_ilp_upper_bound:	89
match_ilp_runtime:	9.8e-08
mdd_ilp_solution_length:	89
mdd_ilp_upper_bound:	89
mdd_ilp_runtime:	5e-08
solution:	[255, 372, 20, 37, 173, 21, 282, 293, 243, 278, 190, 113, 382, 122, 256, 145, 11, 280, 192, 14, 112, 117, 196, 325, 126, 99, 332, 165, 168, 166, 311, 338, 208, 276, 91, 381, 253, 287, 257, 40, 267, 163, 272, 283, 302, 46, 2, 118, 43, 335, 288, 354, 81, 147, 204, 5, 116, 23, 155, 329, 158, 39, 274, 65, 73, 191, 207, 3, 95, 260, 221, 209, 22, 57, 310, 307, 162, 67, 152, 323, 226, 124, 41, 279, 12, 351, 241, 324, 174, ]
