solved:	true
solution_length:	71
upper_bound:	71
solution_runtime:	0.0874046
heuristic_solution_length:	71
heuristic_solution_runtime:	0.0375049
heuristic_runtime:	0.0845863
solving_forward:	true
reduction_is_complete:	true
reduction_quality:	1
reduction_upper_bound:	71
reduction_runtime:	0.00281819
mdd_memory_consumption:	0
main_process_memory_consumption:	0
match_ilp_solution_length:	71
match_ilp_upper_bound:	71
match_ilp_runtime:	9.9e-08
mdd_ilp_solution_length:	71
mdd_ilp_upper_bound:	71
mdd_ilp_runtime:	4.8e-08
solution:	[377, 397, 184, 177, 426, 380, 289, 306, 428, 51, 26, 557, 201, 452, 248, 271, 106, 429, 131, 611, 71, 105, 412, 39, 296, 379, 493, 143, 624, 410, 258, 498, 458, 543, 194, 76, 451, 563, 178, 146, 140, 334, 259, 111, 586, 414, 159, 323, 555, 565, 564, 94, 325, 301, 228, 424, 620, 278, 237, 264, 270, 57, 239, 202, 554, 91, 487, 294, 8, 155, 440, ]
