solved:	true
solution_length:	60
upper_bound:	60
solution_runtime:	0.0338118
heuristic_solution_length:	60
heuristic_solution_runtime:	0.0332891
heuristic_runtime:	0.0337838
solving_forward:	true
reduction_is_complete:	true
reduction_quality:	1
reduction_upper_bound:	60
reduction_runtime:	2.7848e-05
mdd_memory_consumption:	0
main_process_memory_consumption:	0
match_ilp_solution_length:	60
match_ilp_upper_bound:	60
match_ilp_runtime:	1.04e-07
mdd_ilp_solution_length:	60
mdd_ilp_upper_bound:	60
mdd_ilp_runtime:	4.7e-08
solution:	[602, 852, 631, 606, 807, 407, 851, 330, 556, 578, 106, 199, 405, 595, 525, 189, 734, 274, 306, 176, 16, 666, 334, 211, 50, 803, 111, 828, 138, 609, 105, 377, 455, 119, 537, 697, 223, 130, 521, 149, 148, 390, 513, 66, 188, 395, 613, 185, 607, 827, 129, 135, 475, 370, 115, 484, 688, 569, 723, 155, ]
