solved:	true
solution_length:	87
upper_bound:	87
solution_runtime:	0.587389
heuristic_solution_length:	87
heuristic_solution_runtime:	0.052755
heuristic_runtime:	0.49929
solving_forward:	false
reduction_is_complete:	true
reduction_quality:	1
reduction_upper_bound:	87
reduction_runtime:	0.0880985
mdd_memory_consumption:	0
main_process_memory_consumption:	0
match_ilp_solution_length:	87
match_ilp_upper_bound:	87
match_ilp_runtime:	1.01e-07
mdd_ilp_solution_length:	87
mdd_ilp_upper_bound:	87
mdd_ilp_runtime:	4.1e-08
solution:	[99, 194, 286, 310, 30, 84, 8, 149, 233, 246, 20, 299, 140, 316, 276, 360, 242, 60, 107, 352, 235, 133, 382, 353, 206, 155, 289, 362, 221, 141, 50, 255, 31, 301, 111, 327, 259, 162, 377, 126, 182, 210, 3, 356, 144, 134, 175, 164, 201, 287, 135, 290, 342, 11, 13, 264, 339, 244, 226, 315, 195, 40, 285, 55, 0, 35, 78, 100, 245, 151, 16, 281, 169, 63, 368, 383, 114, 21, 130, 218, 128, 220, 159, 265, 77, 64, 332, ]
