solved:	true
solution_length:	62
upper_bound:	62
solution_runtime:	0.0353096
heuristic_solution_length:	62
heuristic_solution_runtime:	0.0347706
heuristic_runtime:	0.035283
solving_forward:	true
reduction_is_complete:	true
reduction_quality:	1
reduction_upper_bound:	62
reduction_runtime:	2.6472e-05
mdd_memory_consumption:	0
main_process_memory_consumption:	0
match_ilp_solution_length:	62
match_ilp_upper_bound:	62
match_ilp_runtime:	1.03e-07
mdd_ilp_solution_length:	62
mdd_ilp_upper_bound:	62
mdd_ilp_runtime:	4.5e-08
solution:	[581, 599, 319, 857, 274, 539, 86, 797, 678, 29, 653, 365, 318, 576, 719, 120, 364, 306, 577, 809, 608, 662, 337, 183, 221, 212, 511, 55, 563, 445, 113, 10, 63, 805, 271, 755, 481, 340, 199, 261, 160, 421, 216, 302, 332, 793, 694, 804, 2, 501, 285, 761, 32, 146, 287, 579, 856, 369, 3, 141, 21, 801, ]
