solved:	true
solution_length:	68
upper_bound:	68
solution_runtime:	0.0382131
heuristic_solution_length:	68
heuristic_solution_runtime:	0.0374884
heuristic_runtime:	0.0381853
solving_forward:	true
reduction_is_complete:	true
reduction_quality:	1
reduction_upper_bound:	68
reduction_runtime:	2.7679e-05
mdd_memory_consumption:	0
main_process_memory_consumption:	0
match_ilp_solution_length:	68
match_ilp_upper_bound:	68
match_ilp_runtime:	1.01e-07
mdd_ilp_solution_length:	68
mdd_ilp_upper_bound:	68
mdd_ilp_runtime:	4.4e-08
solution:	[624, 542, 236, 634, 515, 369, 440, 4, 503, 134, 319, 140, 497, 79, 35, 540, 196, 441, 213, 143, 507, 633, 259, 405, 331, 352, 421, 275, 279, 267, 357, 80, 333, 351, 25, 407, 249, 390, 572, 564, 601, 0, 87, 348, 574, 472, 320, 401, 637, 560, 410, 274, 100, 280, 34, 220, 505, 137, 75, 303, 349, 3, 473, 22, 162, 413, 431, 167, ]
