solved:	true
solution_length:	82
upper_bound:	82
solution_runtime:	0.17562
heuristic_solution_length:	82
heuristic_solution_runtime:	0.0427747
heuristic_runtime:	0.164359
solving_forward:	true
reduction_is_complete:	true
reduction_quality:	1
reduction_upper_bound:	82
reduction_runtime:	0.0112611
mdd_memory_consumption:	0
main_process_memory_consumption:	0
match_ilp_solution_length:	82
match_ilp_upper_bound:	82
match_ilp_runtime:	9.3e-08
mdd_ilp_solution_length:	82
mdd_ilp_upper_bound:	82
mdd_ilp_runtime:	3.2e-08
solution:	[45, 175, 37, 444, 161, 411, 89, 282, 189, 449, 217, 253, 303, 35, 48, 372, 365, 428, 58, 31, 293, 50, 311, 171, 93, 368, 504, 109, 349, 366, 103, 497, 397, 385, 472, 430, 389, 451, 146, 164, 229, 122, 291, 473, 344, 145, 87, 63, 469, 402, 237, 420, 91, 49, 268, 116, 457, 369, 6, 357, 36, 27, 478, 233, 361, 343, 279, 415, 8, 186, 509, 59, 52, 30, 264, 157, 419, 493, 101, 95, 309, 499, ]
