solved:	true
solution_length:	65
upper_bound:	65
solution_runtime:	0.0717274
heuristic_solution_length:	65
heuristic_solution_runtime:	0.0358476
heuristic_runtime:	0.0702632
solving_forward:	true
reduction_is_complete:	true
reduction_quality:	1
reduction_upper_bound:	65
reduction_runtime:	0.00146409
mdd_memory_consumption:	0
main_process_memory_consumption:	0
match_ilp_solution_length:	65
match_ilp_upper_bound:	65
match_ilp_runtime:	1.05e-07
mdd_ilp_solution_length:	65
mdd_ilp_upper_bound:	65
mdd_ilp_runtime:	6e-08
solution:	[66, 424, 85, 578, 553, 447, 209, 350, 335, 186, 634, 221, 554, 273, 267, 124, 347, 592, 450, 445, 475, 338, 632, 74, 563, 619, 591, 549, 225, 496, 476, 4, 557, 109, 242, 18, 441, 412, 110, 292, 559, 105, 606, 506, 177, 437, 148, 420, 289, 298, 165, 114, 33, 145, 372, 53, 313, 96, 125, 530, 132, 597, 134, 454, 171, ]
