solved:	true
solution_length:	62
upper_bound:	62
solution_runtime:	0.0626014
heuristic_solution_length:	62
heuristic_solution_runtime:	0.0351844
heuristic_runtime:	0.0613762
solving_forward:	true
reduction_is_complete:	true
reduction_quality:	1
reduction_upper_bound:	62
reduction_runtime:	0.00122512
mdd_memory_consumption:	0
main_process_memory_consumption:	0
match_ilp_solution_length:	62
match_ilp_upper_bound:	62
match_ilp_runtime:	9.7e-08
mdd_ilp_solution_length:	62
mdd_ilp_upper_bound:	62
mdd_ilp_runtime:	4e-08
solution:	[636, 552, 207, 205, 438, 709, 577, 16, 595, 308, 529, 86, 611, 627, 498, 632, 6, 148, 253, 107, 166, 718, 624, 355, 278, 468, 130, 533, 272, 172, 255, 680, 12, 102, 681, 657, 118, 615, 386, 286, 580, 357, 390, 2, 548, 361, 145, 7, 282, 469, 542, 467, 532, 414, 692, 440, 619, 540, 35, 161, 626, 287, ]
