solved:	true
solution_length:	67
upper_bound:	67
solution_runtime:	0.103307
heuristic_solution_length:	67
heuristic_solution_runtime:	0.0379495
heuristic_runtime:	0.0990666
solving_forward:	true
reduction_is_complete:	true
reduction_quality:	1
reduction_upper_bound:	67
reduction_runtime:	0.00424064
mdd_memory_consumption:	0
main_process_memory_consumption:	0
match_ilp_solution_length:	67
match_ilp_upper_bound:	67
match_ilp_runtime:	1.03e-07
mdd_ilp_solution_length:	67
mdd_ilp_upper_bound:	67
mdd_ilp_runtime:	4.1e-08
solution:	[115, 616, 167, 169, 575, 12, 277, 639, 302, 608, 34, 168, 502, 462, 193, 133, 460, 617, 109, 220, 328, 244, 619, 547, 125, 480, 306, 267, 504, 279, 184, 471, 145, 588, 178, 20, 350, 477, 566, 360, 252, 47, 93, 495, 227, 290, 323, 592, 259, 97, 164, 68, 582, 33, 208, 376, 297, 446, 345, 537, 292, 300, 224, 60, 10, 346, 158, ]
