solved:	true
solution_length:	63
upper_bound:	63
solution_runtime:	0.0786392
heuristic_solution_length:	63
heuristic_solution_runtime:	0.0355562
heuristic_runtime:	0.07593
solving_forward:	true
reduction_is_complete:	true
reduction_quality:	1
reduction_upper_bound:	63
reduction_runtime:	0.00270901
mdd_memory_consumption:	0
main_process_memory_consumption:	0
match_ilp_solution_length:	63
match_ilp_upper_bound:	63
match_ilp_runtime:	1.73e-07
mdd_ilp_solution_length:	63
mdd_ilp_upper_bound:	63
mdd_ilp_runtime:	6.2e-08
solution:	[544, 335, 70, 375, 448, 377, 542, 117, 362, 307, 186, 552, 153, 57, 718, 167, 569, 735, 411, 243, 87, 703, 470, 31, 612, 582, 197, 365, 709, 409, 291, 200, 302, 431, 48, 238, 674, 220, 723, 33, 115, 144, 19, 482, 683, 108, 242, 124, 244, 636, 625, 510, 512, 572, 443, 511, 88, 158, 4, 591, 297, 606, 435, ]
