solved:	true
solution_length:	83
upper_bound:	83
solution_runtime:	0.114623
heuristic_solution_length:	83
heuristic_solution_runtime:	0.113365
heuristic_runtime:	0.114587
solving_forward:	true
reduction_is_complete:	true
reduction_quality:	1
reduction_upper_bound:	83
reduction_runtime:	3.5444e-05
mdd_memory_consumption:	0
main_process_memory_consumption:	0
match_ilp_solution_length:	83
match_ilp_upper_bound:	83
match_ilp_runtime:	9.6e-08
mdd_ilp_solution_length:	83
mdd_ilp_upper_bound:	83
mdd_ilp_runtime:	4.2e-08
solution:	[163, 1669, 131, 74, 1316, 460, 1269, 100, 375, 969, 1275, 500, 441, 689, 1084, 1613, 1090, 207, 1683, 337, 177, 1119, 333, 1678, 1621, 1288, 1304, 391, 1046, 528, 517, 728, 503, 353, 220, 495, 350, 1447, 1009, 428, 1753, 695, 687, 1476, 339, 1731, 1612, 1031, 1377, 1459, 18, 1106, 1070, 421, 417, 638, 1375, 1356, 1423, 1589, 1036, 847, 469, 682, 308, 810, 1470, 453, 483, 1197, 335, 643, 817, 1405, 1029, 1089, 1512, 1267, 562, 563, 1706, 479, 99, ]
