solved:	true
solution_length:	86
upper_bound:	86
solution_runtime:	0.177821
heuristic_solution_length:	86
heuristic_solution_runtime:	0.108377
heuristic_runtime:	0.175064
solving_forward:	true
reduction_is_complete:	true
reduction_quality:	1
reduction_upper_bound:	86
reduction_runtime:	0.00275756
mdd_memory_consumption:	0
main_process_memory_consumption:	0
match_ilp_solution_length:	86
match_ilp_upper_bound:	86
match_ilp_runtime:	9.2e-08
mdd_ilp_solution_length:	86
mdd_ilp_upper_bound:	86
mdd_ilp_runtime:	4.1e-08
solution:	[292, 773, 414, 1620, 617, 36, 926, 1484, 590, 1237, 208, 868, 111, 978, 1602, 257, 279, 454, 220, 1273, 218, 1035, 1490, 801, 1765, 1211, 324, 127, 1268, 1144, 1743, 1160, 153, 393, 381, 647, 628, 1383, 1435, 303, 1562, 817, 229, 115, 1475, 416, 1090, 1121, 779, 1189, 1471, 470, 1426, 505, 698, 955, 595, 96, 923, 309, 22, 1698, 1351, 1193, 939, 455, 798, 61, 858, 255, 1320, 106, 99, 1415, 250, 1113, 471, 1050, 1537, 844, 558, 1688, 64, 195, 1115, 466, ]
