solved:	true
solution_length:	40
upper_bound:	40
solution_runtime:	0.0101482
heuristic_solution_length:	40
heuristic_solution_runtime:	0.00988435
heuristic_runtime:	0.0101239
solving_forward:	true
reduction_is_complete:	true
reduction_quality:	1
reduction_upper_bound:	40
reduction_runtime:	2.4153e-05
mdd_memory_consumption:	0
main_process_memory_consumption:	0
match_ilp_solution_length:	40
match_ilp_upper_bound:	40
match_ilp_runtime:	1.32e-07
mdd_ilp_solution_length:	40
mdd_ilp_upper_bound:	40
mdd_ilp_runtime:	5.6e-08
solution:	[183, 66, 347, 38, 73, 129, 339, 58, 113, 203, 172, 243, 436, 355, 281, 380, 96, 239, 251, 321, 4, 406, 23, 432, 332, 351, 403, 246, 92, 138, 223, 65, 382, 360, 152, 123, 263, 323, 116, 56, ]
