solved:	true
solution_length:	64
upper_bound:	64
solution_runtime:	0.0627852
heuristic_solution_length:	64
heuristic_solution_runtime:	0.0627444
heuristic_runtime:	0.0627824
solving_forward:	true
reduction_is_complete:	true
reduction_quality:	1
reduction_upper_bound:	64
reduction_runtime:	2.774e-06
mdd_memory_consumption:	0
main_process_memory_consumption:	0
match_ilp_solution_length:	64
match_ilp_upper_bound:	64
match_ilp_runtime:	1.03e-07
mdd_ilp_solution_length:	64
mdd_ilp_upper_bound:	64
mdd_ilp_runtime:	4.1e-08
solution:	[63, 0, 26, 40, 32, 37, 41, 29, 19, 30, 55, 10, 51, 4, 58, 9, 44, 5, 52, 21, 1, 56, 43, 15, 35, 6, 59, 28, 3, 18, 16, 33, 48, 38, 23, 50, 14, 17, 61, 7, 8, 12, 13, 45, 11, 60, 42, 47, 62, 57, 2, 22, 31, 39, 34, 25, 27, 46, 36, 53, 54, 49, 24, 20, ]
