solved:	true
solution_length:	48
upper_bound:	48
solution_runtime:	0.0290243
heuristic_solution_length:	48
heuristic_solution_runtime:	0.0116154
heuristic_runtime:	0.0278727
solving_forward:	true
reduction_is_complete:	true
reduction_quality:	1
reduction_upper_bound:	48
reduction_runtime:	0.00115152
mdd_memory_consumption:	0
main_process_memory_consumption:	0
match_ilp_solution_length:	48
match_ilp_upper_bound:	48
match_ilp_runtime:	1.01e-07
mdd_ilp_solution_length:	48
mdd_ilp_upper_bound:	48
mdd_ilp_runtime:	4.7e-08
solution:	[210, 109, 173, 196, 34, 20, 251, 88, 284, 40, 24, 213, 204, 274, 306, 124, 63, 224, 252, 231, 175, 250, 155, 221, 310, 239, 72, 8, 108, 89, 83, 42, 307, 65, 293, 266, 50, 85, 36, 164, 54, 191, 25, 192, 166, 23, 302, 264, ]
