solved:	true
solution_length:	56
upper_bound:	56
solution_runtime:	0.174283
heuristic_solution_length:	56
heuristic_solution_runtime:	0.013733
heuristic_runtime:	0.128247
solving_forward:	true
reduction_is_complete:	true
reduction_quality:	1
reduction_upper_bound:	56
reduction_runtime:	0.0460363
mdd_memory_consumption:	55956
main_process_memory_consumption:	0
match_ilp_solution_length:	56
match_ilp_upper_bound:	56
match_ilp_runtime:	1.46e-07
mdd_ilp_solution_length:	56
mdd_ilp_upper_bound:	56
mdd_ilp_runtime:	5.7e-08
solution:	[16, 188, 176, 98, 138, 139, 80, 171, 182, 42, 19, 78, 8, 44, 165, 84, 87, 104, 149, 132, 115, 184, 5, 175, 124, 145, 39, 58, 90, 7, 111, 79, 113, 71, 170, 76, 10, 161, 153, 63, 173, 25, 172, 15, 29, 134, 38, 163, 91, 101, 82, 18, 158, 59, 189, 9, ]
