solved:	true
solution_length:	37
upper_bound:	37
solution_runtime:	0.0110796
heuristic_solution_length:	37
heuristic_solution_runtime:	0.0110601
heuristic_runtime:	0.0110751
solving_forward:	true
reduction_is_complete:	true
reduction_quality:	1
reduction_upper_bound:	37
reduction_runtime:	4.291e-06
mdd_memory_consumption:	0
main_process_memory_consumption:	0
match_ilp_solution_length:	37
match_ilp_upper_bound:	37
match_ilp_runtime:	1.93e-07
mdd_ilp_solution_length:	37
mdd_ilp_upper_bound:	37
mdd_ilp_runtime:	7.4e-08
solution:	[9, 351, 352, 425, 395, 167, 150, 96, 236, 116, 386, 338, 84, 104, 24, 25, 151, 155, 382, 159, 39, 55, 206, 254, 407, 439, 113, 98, 342, 328, 290, 353, 80, 226, 146, 108, 173, ]
