solved:	true
solution_length:	50
upper_bound:	50
solution_runtime:	0.0219272
heuristic_solution_length:	50
heuristic_solution_runtime:	0.0111833
heuristic_runtime:	0.0212028
solving_forward:	true
reduction_is_complete:	true
reduction_quality:	1
reduction_upper_bound:	50
reduction_runtime:	0.000724252
mdd_memory_consumption:	0
main_process_memory_consumption:	0
match_ilp_solution_length:	50
match_ilp_upper_bound:	50
match_ilp_runtime:	1.12e-07
mdd_ilp_solution_length:	50
mdd_ilp_upper_bound:	50
mdd_ilp_runtime:	7.1e-08
solution:	[192, 300, 254, 37, 202, 26, 59, 161, 292, 189, 242, 140, 251, 162, 61, 209, 304, 180, 29, 10, 264, 141, 295, 160, 223, 64, 47, 137, 90, 107, 79, 173, 185, 256, 19, 288, 42, 274, 134, 231, 261, 199, 23, 244, 271, 310, 280, 145, 165, 227, ]
