solved:	true
solution_length:	69
upper_bound:	69
solution_runtime:	0.900658
heuristic_solution_length:	69
heuristic_solution_runtime:	0.0260289
heuristic_runtime:	0.452766
solving_forward:	true
reduction_is_complete:	true
reduction_quality:	1
reduction_upper_bound:	69
reduction_runtime:	0.447891
mdd_memory_consumption:	63492
main_process_memory_consumption:	0
match_ilp_solution_length:	69
match_ilp_upper_bound:	69
match_ilp_runtime:	3.51e-07
mdd_ilp_solution_length:	69
mdd_ilp_upper_bound:	69
mdd_ilp_runtime:	5.6e-08
solution:	[11, 24, 20, 30, 49, 68, 100, 72, 74, 61, 102, 15, 3, 27, 91, 56, 39, 1, 34, 81, 67, 9, 19, 82, 42, 77, 118, 124, 85, 126, 5, 37, 104, 23, 78, 16, 71, 29, 119, 122, 31, 87, 26, 113, 4, 25, 6, 109, 69, 83, 32, 92, 110, 106, 89, 75, 93, 120, 79, 97, 60, 51, 96, 53, 73, 10, 58, 114, 123, ]
