solved:	true
solution_length:	41
upper_bound:	41
solution_runtime:	0.0102005
heuristic_solution_length:	41
heuristic_solution_runtime:	0.00995383
heuristic_runtime:	0.0101782
solving_forward:	true
reduction_is_complete:	true
reduction_quality:	1
reduction_upper_bound:	41
reduction_runtime:	2.2123e-05
mdd_memory_consumption:	0
main_process_memory_consumption:	0
match_ilp_solution_length:	41
match_ilp_upper_bound:	41
match_ilp_runtime:	1.4e-07
mdd_ilp_solution_length:	41
mdd_ilp_upper_bound:	41
mdd_ilp_runtime:	5.7e-08
solution:	[203, 350, 391, 302, 407, 243, 60, 337, 411, 175, 204, 405, 65, 267, 146, 344, 81, 224, 353, 222, 272, 255, 142, 164, 115, 237, 80, 173, 446, 1, 383, 304, 160, 195, 376, 48, 123, 373, 338, 50, 358, ]
