solved:	true
solution_length:	57
upper_bound:	57
solution_runtime:	0.274441
heuristic_solution_length:	57
heuristic_solution_runtime:	0.0173557
heuristic_runtime:	0.167338
solving_forward:	true
reduction_is_complete:	true
reduction_quality:	1
reduction_upper_bound:	57
reduction_runtime:	0.107103
mdd_memory_consumption:	57528
main_process_memory_consumption:	0
match_ilp_solution_length:	57
match_ilp_upper_bound:	57
match_ilp_runtime:	1.4e-07
mdd_ilp_solution_length:	57
mdd_ilp_upper_bound:	57
mdd_ilp_runtime:	6e-08
solution:	[65, 118, 103, 97, 76, 55, 18, 81, 11, 175, 109, 191, 28, 187, 43, 155, 13, 79, 59, 52, 23, 74, 106, 78, 166, 134, 71, 117, 190, 94, 181, 25, 125, 121, 184, 114, 138, 110, 24, 140, 16, 89, 169, 120, 108, 102, 158, 66, 22, 123, 144, 150, 157, 186, 148, 51, 42, ]
