solved:	true
solution_length:	48
upper_bound:	48
solution_runtime:	0.0196388
heuristic_solution_length:	48
heuristic_solution_runtime:	0.0123652
heuristic_runtime:	0.0190993
solving_forward:	true
reduction_is_complete:	true
reduction_quality:	1
reduction_upper_bound:	48
reduction_runtime:	0.000539354
mdd_memory_consumption:	0
main_process_memory_consumption:	0
match_ilp_solution_length:	48
match_ilp_upper_bound:	48
match_ilp_runtime:	1.16e-07
mdd_ilp_solution_length:	48
mdd_ilp_upper_bound:	48
mdd_ilp_runtime:	5.2e-08
solution:	[226, 301, 338, 284, 194, 197, 376, 204, 148, 323, 322, 106, 282, 228, 206, 224, 107, 67, 343, 182, 103, 382, 104, 95, 297, 173, 356, 13, 116, 108, 354, 65, 250, 238, 361, 352, 53, 253, 220, 115, 326, 141, 81, 159, 254, 340, 72, 128, ]
