solved:	true
solution_length:	53
upper_bound:	53
solution_runtime:	0.0622277
heuristic_solution_length:	53
heuristic_solution_runtime:	0.0109444
heuristic_runtime:	0.0533746
solving_forward:	true
reduction_is_complete:	true
reduction_quality:	1
reduction_upper_bound:	53
reduction_runtime:	0.00885299
mdd_memory_consumption:	0
main_process_memory_consumption:	0
match_ilp_solution_length:	53
match_ilp_upper_bound:	53
match_ilp_runtime:	9.9e-08
mdd_ilp_solution_length:	53
mdd_ilp_upper_bound:	53
mdd_ilp_runtime:	3e-08
solution:	[241, 162, 203, 76, 174, 230, 165, 196, 107, 207, 34, 86, 209, 152, 195, 29, 27, 88, 3, 11, 66, 161, 89, 0, 237, 206, 225, 182, 92, 185, 82, 31, 150, 57, 138, 194, 172, 81, 99, 42, 233, 109, 248, 116, 247, 95, 157, 170, 224, 32, 9, 146, 121, ]
