solved:	true
solution_length:	54
upper_bound:	54
solution_runtime:	0.0388476
heuristic_solution_length:	54
heuristic_solution_runtime:	0.0134671
heuristic_runtime:	0.0361612
solving_forward:	true
reduction_is_complete:	true
reduction_quality:	1
reduction_upper_bound:	54
reduction_runtime:	0.00268626
mdd_memory_consumption:	0
main_process_memory_consumption:	0
match_ilp_solution_length:	54
match_ilp_upper_bound:	54
match_ilp_runtime:	1.05e-07
mdd_ilp_solution_length:	54
mdd_ilp_upper_bound:	54
mdd_ilp_runtime:	4.3e-08
solution:	[149, 55, 44, 111, 100, 223, 3, 64, 214, 2, 231, 230, 120, 136, 89, 43, 208, 59, 220, 54, 57, 95, 178, 195, 150, 81, 177, 226, 83, 73, 76, 184, 148, 60, 102, 4, 145, 84, 103, 196, 221, 15, 194, 113, 236, 26, 74, 249, 204, 215, 46, 88, 75, 203, ]
