solved:	true
solution_length:	40
upper_bound:	40
solution_runtime:	0.0179292
heuristic_solution_length:	40
heuristic_solution_runtime:	0.0106415
heuristic_runtime:	0.0174049
solving_forward:	true
reduction_is_complete:	true
reduction_quality:	1
reduction_upper_bound:	40
reduction_runtime:	0.000524202
mdd_memory_consumption:	0
main_process_memory_consumption:	0
match_ilp_solution_length:	40
match_ilp_upper_bound:	40
match_ilp_runtime:	1.31e-07
mdd_ilp_solution_length:	40
mdd_ilp_upper_bound:	40
mdd_ilp_runtime:	5.5e-08
solution:	[243, 326, 23, 438, 159, 416, 111, 93, 234, 273, 94, 337, 232, 224, 194, 329, 48, 44, 147, 97, 259, 299, 236, 139, 173, 89, 216, 344, 108, 246, 96, 171, 245, 342, 11, 350, 290, 166, 5, 280, ]
