solved:	true
solution_length:	54
upper_bound:	54
solution_runtime:	0.0499611
heuristic_solution_length:	54
heuristic_solution_runtime:	0.0152645
heuristic_runtime:	0.0466124
solving_forward:	true
reduction_is_complete:	true
reduction_quality:	1
reduction_upper_bound:	54
reduction_runtime:	0.00334855
mdd_memory_consumption:	0
main_process_memory_consumption:	0
match_ilp_solution_length:	54
match_ilp_upper_bound:	54
match_ilp_runtime:	1.13e-07
mdd_ilp_solution_length:	54
mdd_ilp_upper_bound:	54
mdd_ilp_runtime:	4.8e-08
solution:	[105, 150, 63, 165, 152, 72, 234, 12, 153, 236, 2, 42, 253, 127, 80, 96, 90, 128, 53, 239, 9, 32, 233, 135, 91, 218, 251, 34, 200, 171, 28, 217, 169, 177, 31, 225, 61, 16, 3, 190, 73, 149, 163, 51, 181, 184, 97, 197, 56, 113, 87, 21, 139, 70, ]
