solved:	true
solution_length:	64
upper_bound:	64
solution_runtime:	0.047301
heuristic_solution_length:	64
heuristic_solution_runtime:	0.047081
heuristic_runtime:	0.0472979
solving_forward:	true
reduction_is_complete:	true
reduction_quality:	1
reduction_upper_bound:	64
reduction_runtime:	3.013e-06
mdd_memory_consumption:	0
main_process_memory_consumption:	0
match_ilp_solution_length:	64
match_ilp_upper_bound:	64
match_ilp_runtime:	9.7e-08
mdd_ilp_solution_length:	64
mdd_ilp_upper_bound:	64
mdd_ilp_runtime:	4.1e-08
solution:	[34, 23, 42, 26, 45, 29, 63, 15, 55, 39, 58, 1, 52, 33, 13, 50, 14, 46, 28, 20, 38, 17, 8, 44, 62, 9, 11, 12, 59, 49, 4, 22, 61, 27, 48, 25, 7, 16, 32, 47, 31, 54, 0, 35, 53, 21, 10, 40, 57, 2, 5, 36, 51, 43, 19, 30, 18, 6, 41, 3, 56, 60, 24, 37, ]
