solved:	true
solution_length:	64
upper_bound:	64
solution_runtime:	0.039808
heuristic_solution_length:	64
heuristic_solution_runtime:	0.0394815
heuristic_runtime:	0.039805
solving_forward:	true
reduction_is_complete:	true
reduction_quality:	1
reduction_upper_bound:	64
reduction_runtime:	2.924e-06
mdd_memory_consumption:	0
main_process_memory_consumption:	0
match_ilp_solution_length:	64
match_ilp_upper_bound:	64
match_ilp_runtime:	1.38e-07
mdd_ilp_solution_length:	64
mdd_ilp_upper_bound:	64
mdd_ilp_runtime:	4.4e-08
solution:	[27, 0, 20, 31, 29, 53, 57, 46, 23, 55, 11, 48, 39, 38, 15, 4, 44, 33, 24, 17, 35, 34, 45, 52, 59, 2, 62, 51, 50, 13, 54, 36, 47, 3, 37, 30, 19, 60, 63, 58, 6, 28, 25, 12, 32, 26, 43, 41, 9, 16, 14, 56, 42, 18, 21, 10, 40, 8, 22, 1, 49, 61, 7, 5, ]
