solved:	true
solution_length:	41
upper_bound:	41
solution_runtime:	0.0148792
heuristic_solution_length:	41
heuristic_solution_runtime:	0.00877957
heuristic_runtime:	0.0144435
solving_forward:	true
reduction_is_complete:	true
reduction_quality:	1
reduction_upper_bound:	41
reduction_runtime:	0.000435604
mdd_memory_consumption:	0
main_process_memory_consumption:	0
match_ilp_solution_length:	41
match_ilp_upper_bound:	41
match_ilp_runtime:	1.08e-07
mdd_ilp_solution_length:	41
mdd_ilp_upper_bound:	41
mdd_ilp_runtime:	4.9e-08
solution:	[371, 221, 149, 420, 223, 316, 407, 139, 20, 182, 197, 284, 177, 293, 73, 49, 409, 361, 385, 0, 318, 399, 32, 280, 170, 173, 440, 446, 271, 288, 227, 207, 427, 340, 107, 352, 251, 100, 323, 138, 397, ]
