solved:	true
solution_length:	49
upper_bound:	49
solution_runtime:	0.0119596
heuristic_solution_length:	49
heuristic_solution_runtime:	0.0116114
heuristic_runtime:	0.0119342
solving_forward:	true
reduction_is_complete:	true
reduction_quality:	1
reduction_upper_bound:	49
reduction_runtime:	2.5245e-05
mdd_memory_consumption:	0
main_process_memory_consumption:	0
match_ilp_solution_length:	49
match_ilp_upper_bound:	49
match_ilp_runtime:	1.31e-07
mdd_ilp_solution_length:	49
mdd_ilp_upper_bound:	49
mdd_ilp_runtime:	5.7e-08
solution:	[304, 94, 204, 129, 219, 116, 188, 291, 221, 152, 197, 25, 23, 83, 146, 18, 156, 181, 45, 75, 80, 297, 19, 103, 191, 104, 1, 145, 175, 174, 61, 315, 0, 244, 74, 266, 166, 70, 303, 149, 124, 260, 85, 281, 305, 127, 138, 99, 82, ]
