solved:	true
solution_length:	49
upper_bound:	49
solution_runtime:	0.0236025
heuristic_solution_length:	49
heuristic_solution_runtime:	0.0115755
heuristic_runtime:	0.0225498
solving_forward:	true
reduction_is_complete:	true
reduction_quality:	1
reduction_upper_bound:	49
reduction_runtime:	0.00105256
mdd_memory_consumption:	0
main_process_memory_consumption:	0
match_ilp_solution_length:	49
match_ilp_upper_bound:	49
match_ilp_runtime:	1.24e-07
mdd_ilp_solution_length:	49
mdd_ilp_upper_bound:	49
mdd_ilp_runtime:	5.5e-08
solution:	[184, 51, 241, 307, 46, 132, 290, 89, 174, 296, 96, 288, 130, 112, 65, 220, 312, 168, 216, 260, 62, 239, 257, 61, 70, 108, 66, 169, 164, 270, 213, 109, 118, 309, 194, 208, 310, 166, 151, 234, 275, 252, 249, 146, 41, 278, 115, 195, 81, ]
