solved:	true
solution_length:	64
upper_bound:	64
solution_runtime:	0.0574115
heuristic_solution_length:	64
heuristic_solution_runtime:	0.0571133
heuristic_runtime:	0.0574083
solving_forward:	true
reduction_is_complete:	true
reduction_quality:	1
reduction_upper_bound:	64
reduction_runtime:	3.031e-06
mdd_memory_consumption:	0
main_process_memory_consumption:	0
match_ilp_solution_length:	64
match_ilp_upper_bound:	64
match_ilp_runtime:	9e-08
mdd_ilp_solution_length:	64
mdd_ilp_upper_bound:	64
mdd_ilp_runtime:	4.1e-08
solution:	[21, 28, 22, 51, 43, 46, 56, 45, 35, 27, 13, 20, 26, 25, 1, 12, 30, 44, 31, 6, 24, 33, 5, 17, 8, 40, 2, 49, 50, 34, 11, 3, 16, 18, 39, 9, 37, 57, 63, 42, 52, 10, 60, 62, 15, 47, 53, 61, 59, 32, 48, 7, 0, 54, 36, 23, 41, 55, 4, 14, 38, 58, 29, 19, ]
