solved:	true
solution_length:	44
upper_bound:	44
solution_runtime:	0.0101604
heuristic_solution_length:	44
heuristic_solution_runtime:	0.00989276
heuristic_runtime:	0.010135
solving_forward:	true
reduction_is_complete:	true
reduction_quality:	1
reduction_upper_bound:	44
reduction_runtime:	2.5185e-05
mdd_memory_consumption:	0
main_process_memory_consumption:	0
match_ilp_solution_length:	44
match_ilp_upper_bound:	44
match_ilp_runtime:	1.45e-07
mdd_ilp_solution_length:	44
mdd_ilp_upper_bound:	44
mdd_ilp_runtime:	5.9e-08
solution:	[319, 264, 89, 329, 94, 336, 379, 295, 160, 232, 19, 29, 177, 283, 366, 64, 126, 12, 39, 301, 298, 38, 68, 52, 356, 234, 204, 117, 219, 145, 323, 159, 110, 371, 77, 195, 184, 146, 107, 209, 167, 247, 150, 282, ]
