solved:	true
solution_length:	64
upper_bound:	64
solution_runtime:	0.0355768
heuristic_solution_length:	64
heuristic_solution_runtime:	0.0355365
heuristic_runtime:	0.0355688
solving_forward:	true
reduction_is_complete:	true
reduction_quality:	1
reduction_upper_bound:	64
reduction_runtime:	7.954e-06
mdd_memory_consumption:	0
main_process_memory_consumption:	0
match_ilp_solution_length:	64
match_ilp_upper_bound:	64
match_ilp_runtime:	1.06e-07
mdd_ilp_solution_length:	64
mdd_ilp_upper_bound:	64
mdd_ilp_runtime:	4.3e-08
solution:	[39, 9, 13, 48, 19, 53, 60, 34, 29, 32, 24, 27, 22, 59, 56, 26, 58, 57, 20, 17, 47, 62, 18, 10, 3, 36, 42, 7, 63, 61, 37, 55, 35, 46, 15, 1, 14, 52, 16, 25, 0, 50, 40, 49, 54, 38, 30, 33, 44, 41, 43, 11, 2, 28, 51, 21, 31, 4, 45, 5, 8, 6, 23, 12, ]
