solved:	true
solution_length:	55
upper_bound:	55
solution_runtime:	0.0560159
heuristic_solution_length:	55
heuristic_solution_runtime:	0.0158491
heuristic_runtime:	0.0510928
solving_forward:	true
reduction_is_complete:	true
reduction_quality:	1
reduction_upper_bound:	55
reduction_runtime:	0.00492299
mdd_memory_consumption:	0
main_process_memory_consumption:	0
match_ilp_solution_length:	55
match_ilp_upper_bound:	55
match_ilp_runtime:	9.5e-08
mdd_ilp_solution_length:	55
mdd_ilp_upper_bound:	55
mdd_ilp_runtime:	4.1e-08
solution:	[196, 126, 145, 65, 94, 231, 202, 173, 230, 187, 152, 189, 221, 157, 97, 3, 194, 121, 247, 73, 175, 53, 186, 200, 190, 20, 135, 89, 232, 108, 255, 16, 111, 149, 6, 229, 102, 19, 87, 235, 119, 210, 2, 172, 142, 54, 13, 123, 48, 77, 206, 134, 125, 43, 69, ]
