solved:	true
solution_length:	48
upper_bound:	48
solution_runtime:	0.00996371
heuristic_solution_length:	48
heuristic_solution_runtime:	0.00974029
heuristic_runtime:	0.0099402
solving_forward:	true
reduction_is_complete:	true
reduction_quality:	1
reduction_upper_bound:	48
reduction_runtime:	2.3397e-05
mdd_memory_consumption:	0
main_process_memory_consumption:	0
match_ilp_solution_length:	48
match_ilp_upper_bound:	48
match_ilp_runtime:	1.18e-07
mdd_ilp_solution_length:	48
mdd_ilp_upper_bound:	48
mdd_ilp_runtime:	5.2e-08
solution:	[286, 183, 253, 49, 233, 15, 56, 167, 236, 308, 211, 39, 212, 294, 255, 69, 129, 5, 30, 112, 127, 293, 63, 77, 251, 24, 51, 152, 37, 45, 85, 143, 133, 46, 201, 101, 231, 50, 67, 9, 224, 122, 270, 207, 218, 295, 248, 244, ]
