solved:	true
solution_length:	38
upper_bound:	38
solution_runtime:	0.0101583
heuristic_solution_length:	38
heuristic_solution_runtime:	0.00990482
heuristic_runtime:	0.0101336
solving_forward:	true
reduction_is_complete:	true
reduction_quality:	1
reduction_upper_bound:	38
reduction_runtime:	2.459e-05
mdd_memory_consumption:	0
main_process_memory_consumption:	0
match_ilp_solution_length:	38
match_ilp_upper_bound:	38
match_ilp_runtime:	1.3e-07
mdd_ilp_solution_length:	38
mdd_ilp_upper_bound:	38
mdd_ilp_runtime:	5.6e-08
solution:	[368, 295, 102, 411, 254, 312, 175, 56, 193, 122, 53, 115, 403, 160, 103, 152, 157, 138, 434, 58, 398, 386, 436, 235, 381, 220, 357, 361, 100, 210, 322, 185, 186, 444, 324, 40, 29, 24, ]
