solved:	true
solution_length:	51
upper_bound:	51
solution_runtime:	0.0316547
heuristic_solution_length:	51
heuristic_solution_runtime:	0.0111974
heuristic_runtime:	0.0292215
solving_forward:	true
reduction_is_complete:	true
reduction_quality:	1
reduction_upper_bound:	51
reduction_runtime:	0.00243308
mdd_memory_consumption:	0
main_process_memory_consumption:	0
match_ilp_solution_length:	51
match_ilp_upper_bound:	51
match_ilp_runtime:	1.29e-07
mdd_ilp_solution_length:	51
mdd_ilp_upper_bound:	51
mdd_ilp_runtime:	4.3e-08
solution:	[156, 74, 216, 210, 219, 276, 172, 174, 163, 83, 14, 18, 104, 54, 232, 99, 133, 273, 58, 303, 185, 101, 247, 238, 21, 304, 106, 220, 153, 80, 6, 249, 32, 225, 215, 123, 56, 280, 49, 297, 158, 8, 72, 302, 160, 262, 137, 127, 94, 16, 116, ]
