solved:	true
solution_length:	44
upper_bound:	44
solution_runtime:	0.0182428
heuristic_solution_length:	44
heuristic_solution_runtime:	0.00986843
heuristic_runtime:	0.0178229
solving_forward:	true
reduction_is_complete:	true
reduction_quality:	1
reduction_upper_bound:	44
reduction_runtime:	0.000419889
mdd_memory_consumption:	0
main_process_memory_consumption:	0
match_ilp_solution_length:	44
match_ilp_upper_bound:	44
match_ilp_runtime:	9.8e-08
mdd_ilp_solution_length:	44
mdd_ilp_upper_bound:	44
mdd_ilp_runtime:	4.3e-08
solution:	[162, 245, 150, 100, 106, 133, 157, 91, 213, 97, 201, 266, 104, 83, 312, 17, 105, 63, 88, 98, 40, 24, 56, 286, 10, 200, 203, 154, 282, 242, 18, 260, 34, 259, 12, 186, 15, 89, 74, 206, 309, 170, 42, 270, ]
