solved:	true
solution_length:	69
upper_bound:	69
solution_runtime:	0.748406
heuristic_solution_length:	69
heuristic_solution_runtime:	0.0243371
heuristic_runtime:	0.379594
solving_forward:	false
reduction_is_complete:	true
reduction_quality:	1
reduction_upper_bound:	69
reduction_runtime:	0.368812
mdd_memory_consumption:	62060
main_process_memory_consumption:	0
match_ilp_solution_length:	69
match_ilp_upper_bound:	69
match_ilp_runtime:	1.01e-07
mdd_ilp_solution_length:	69
mdd_ilp_upper_bound:	69
mdd_ilp_runtime:	5.9e-08
solution:	[69, 19, 61, 9, 35, 113, 52, 104, 51, 13, 102, 56, 57, 21, 127, 45, 107, 93, 17, 46, 38, 77, 31, 66, 120, 10, 109, 65, 103, 89, 125, 83, 39, 117, 59, 99, 36, 63, 54, 15, 84, 49, 96, 2, 124, 25, 28, 6, 67, 108, 60, 30, 24, 64, 72, 40, 82, 48, 112, 74, 42, 53, 94, 5, 11, 41, 8, 16, 26, ]
