solved:	true
solution_length:	54
upper_bound:	54
solution_runtime:	0.0359703
heuristic_solution_length:	54
heuristic_solution_runtime:	0.0124271
heuristic_runtime:	0.0335435
solving_forward:	true
reduction_is_complete:	true
reduction_quality:	1
reduction_upper_bound:	54
reduction_runtime:	0.00242664
mdd_memory_consumption:	0
main_process_memory_consumption:	0
match_ilp_solution_length:	54
match_ilp_upper_bound:	54
match_ilp_runtime:	1.07e-07
mdd_ilp_solution_length:	54
mdd_ilp_upper_bound:	54
mdd_ilp_runtime:	4.7e-08
solution:	[24, 239, 52, 80, 53, 26, 195, 4, 42, 143, 162, 81, 63, 16, 171, 7, 218, 115, 213, 30, 157, 49, 2, 100, 155, 126, 128, 139, 204, 179, 117, 47, 36, 76, 197, 127, 166, 114, 131, 61, 243, 199, 227, 153, 251, 137, 27, 66, 79, 125, 207, 57, 129, 228, ]
