solved:	true
solution_length:	71
upper_bound:	71
solution_runtime:	0.864393
heuristic_solution_length:	71
heuristic_solution_runtime:	0.0308581
heuristic_runtime:	0.453915
solving_forward:	true
reduction_is_complete:	true
reduction_quality:	1
reduction_upper_bound:	71
reduction_runtime:	0.410478
mdd_memory_consumption:	63748
main_process_memory_consumption:	0
match_ilp_solution_length:	71
match_ilp_upper_bound:	71
match_ilp_runtime:	2.07e-07
mdd_ilp_solution_length:	71
mdd_ilp_upper_bound:	71
mdd_ilp_runtime:	5.5e-08
solution:	[43, 13, 82, 113, 101, 6, 8, 51, 119, 55, 59, 121, 123, 74, 62, 5, 34, 0, 68, 50, 125, 122, 25, 4, 53, 92, 115, 31, 80, 11, 94, 84, 71, 47, 97, 102, 60, 37, 126, 63, 85, 39, 96, 127, 106, 24, 104, 118, 93, 49, 20, 116, 100, 86, 19, 75, 54, 35, 56, 9, 17, 28, 58, 73, 41, 40, 16, 14, 79, 38, 10, ]
