solved:	true
solution_length:	71
upper_bound:	71
solution_runtime:	0.846371
heuristic_solution_length:	71
heuristic_solution_runtime:	0.0222923
heuristic_runtime:	0.452235
solving_forward:	true
reduction_is_complete:	true
reduction_quality:	1
reduction_upper_bound:	71
reduction_runtime:	0.394136
mdd_memory_consumption:	64108
main_process_memory_consumption:	0
match_ilp_solution_length:	71
match_ilp_upper_bound:	71
match_ilp_runtime:	2.07e-07
mdd_ilp_solution_length:	71
mdd_ilp_upper_bound:	71
mdd_ilp_runtime:	5.6e-08
solution:	[44, 1, 117, 127, 22, 57, 116, 39, 56, 72, 0, 58, 36, 17, 86, 96, 95, 82, 59, 111, 23, 3, 106, 38, 12, 120, 75, 73, 124, 32, 112, 84, 89, 7, 34, 119, 46, 83, 114, 16, 63, 41, 88, 104, 53, 113, 101, 62, 14, 87, 118, 20, 80, 52, 81, 125, 69, 123, 79, 107, 51, 60, 18, 98, 10, 121, 76, 48, 11, 103, 21, ]
