solved:	true
solution_length:	71
upper_bound:	71
solution_runtime:	0.877485
heuristic_solution_length:	71
heuristic_solution_runtime:	0.0307355
heuristic_runtime:	0.474559
solving_forward:	true
reduction_is_complete:	true
reduction_quality:	1
reduction_upper_bound:	71
reduction_runtime:	0.402926
mdd_memory_consumption:	65056
main_process_memory_consumption:	0
match_ilp_solution_length:	71
match_ilp_upper_bound:	71
match_ilp_runtime:	4.73e-07
mdd_ilp_solution_length:	71
mdd_ilp_upper_bound:	71
mdd_ilp_runtime:	6.2e-08
solution:	[42, 120, 49, 60, 92, 97, 105, 46, 29, 115, 33, 104, 22, 11, 10, 23, 91, 121, 51, 71, 72, 94, 0, 80, 15, 8, 45, 25, 32, 99, 111, 43, 5, 117, 79, 12, 112, 107, 9, 102, 124, 123, 68, 54, 38, 44, 95, 75, 27, 24, 83, 53, 96, 55, 125, 114, 86, 7, 126, 16, 119, 116, 108, 90, 82, 4, 58, 127, 26, 59, 103, ]
