solved:	true
solution_length:	59
upper_bound:	59
solution_runtime:	0.189825
heuristic_solution_length:	59
heuristic_solution_runtime:	0.0144011
heuristic_runtime:	0.125677
solving_forward:	true
reduction_is_complete:	true
reduction_quality:	1
reduction_upper_bound:	59
reduction_runtime:	0.0641482
mdd_memory_consumption:	55904
main_process_memory_consumption:	0
match_ilp_solution_length:	59
match_ilp_upper_bound:	59
match_ilp_runtime:	1.35e-07
mdd_ilp_solution_length:	59
mdd_ilp_upper_bound:	59
mdd_ilp_runtime:	5.5e-08
solution:	[144, 190, 142, 43, 147, 188, 24, 61, 28, 81, 102, 183, 71, 12, 109, 70, 154, 171, 49, 26, 87, 11, 62, 97, 111, 164, 77, 138, 9, 79, 149, 104, 20, 57, 96, 4, 161, 7, 98, 63, 5, 39, 103, 27, 53, 170, 1, 112, 69, 120, 117, 56, 159, 141, 30, 131, 151, 93, 181, ]
