solved:	true
solution_length:	45
upper_bound:	45
solution_runtime:	0.0211585
heuristic_solution_length:	45
heuristic_solution_runtime:	0.0107169
heuristic_runtime:	0.0203914
solving_forward:	true
reduction_is_complete:	true
reduction_quality:	1
reduction_upper_bound:	45
reduction_runtime:	0.000767034
mdd_memory_consumption:	0
main_process_memory_consumption:	0
match_ilp_solution_length:	45
match_ilp_upper_bound:	45
match_ilp_runtime:	1.14e-07
mdd_ilp_solution_length:	45
mdd_ilp_upper_bound:	45
mdd_ilp_runtime:	5.3e-08
solution:	[95, 227, 245, 197, 380, 169, 210, 93, 122, 115, 263, 28, 4, 273, 289, 126, 114, 172, 37, 97, 130, 213, 73, 377, 292, 188, 72, 43, 186, 260, 307, 258, 88, 290, 190, 370, 301, 247, 223, 226, 107, 300, 129, 327, 64, ]
