solved:	true
solution_length:	54
upper_bound:	54
solution_runtime:	0.0252292
heuristic_solution_length:	54
heuristic_solution_runtime:	0.0117151
heuristic_runtime:	0.0244471
solving_forward:	true
reduction_is_complete:	true
reduction_quality:	1
reduction_upper_bound:	54
reduction_runtime:	0.000781947
mdd_memory_consumption:	0
main_process_memory_consumption:	0
match_ilp_solution_length:	54
match_ilp_upper_bound:	54
match_ilp_runtime:	1.08e-07
mdd_ilp_solution_length:	54
mdd_ilp_upper_bound:	54
mdd_ilp_runtime:	4.9e-08
solution:	[186, 230, 290, 199, 301, 58, 257, 32, 234, 297, 318, 151, 214, 284, 189, 119, 168, 283, 219, 180, 198, 266, 221, 182, 115, 49, 304, 217, 208, 124, 36, 26, 169, 33, 273, 4, 235, 97, 110, 154, 138, 160, 68, 73, 227, 226, 52, 191, 162, 232, 309, 275, 150, 195, ]
