solved:	true
solution_length:	53
upper_bound:	53
solution_runtime:	0.0661291
heuristic_solution_length:	53
heuristic_solution_runtime:	0.0123922
heuristic_runtime:	0.0598355
solving_forward:	true
reduction_is_complete:	true
reduction_quality:	1
reduction_upper_bound:	53
reduction_runtime:	0.00629352
mdd_memory_consumption:	0
main_process_memory_consumption:	0
match_ilp_solution_length:	53
match_ilp_upper_bound:	53
match_ilp_runtime:	1.35e-07
mdd_ilp_solution_length:	53
mdd_ilp_upper_bound:	53
mdd_ilp_runtime:	5.4e-08
solution:	[163, 202, 162, 136, 253, 53, 49, 119, 109, 240, 226, 158, 254, 124, 221, 19, 151, 27, 70, 127, 213, 123, 7, 45, 96, 6, 120, 99, 133, 178, 188, 144, 78, 154, 74, 31, 176, 29, 22, 39, 199, 228, 121, 201, 239, 20, 79, 130, 160, 183, 105, 85, 246, ]
