solved:	true
solution_length:	55
upper_bound:	55
solution_runtime:	0.0428113
heuristic_solution_length:	55
heuristic_solution_runtime:	0.0121587
heuristic_runtime:	0.0393661
solving_forward:	true
reduction_is_complete:	true
reduction_quality:	1
reduction_upper_bound:	55
reduction_runtime:	0.00344506
mdd_memory_consumption:	0
main_process_memory_consumption:	0
match_ilp_solution_length:	55
match_ilp_upper_bound:	55
match_ilp_runtime:	9.4e-08
mdd_ilp_solution_length:	55
mdd_ilp_upper_bound:	55
mdd_ilp_runtime:	4.1e-08
solution:	[24, 205, 38, 76, 45, 242, 169, 229, 230, 84, 208, 112, 131, 121, 253, 88, 226, 251, 11, 203, 25, 143, 2, 66, 217, 181, 187, 20, 209, 245, 240, 27, 130, 79, 163, 59, 218, 39, 247, 189, 3, 190, 232, 124, 22, 162, 37, 152, 212, 186, 107, 196, 147, 188, 50, ]
