solved:	true
solution_length:	43
upper_bound:	43
solution_runtime:	0.0117292
heuristic_solution_length:	43
heuristic_solution_runtime:	0.0115282
heuristic_runtime:	0.0117028
solving_forward:	true
reduction_is_complete:	true
reduction_quality:	1
reduction_upper_bound:	43
reduction_runtime:	2.6224e-05
mdd_memory_consumption:	0
main_process_memory_consumption:	0
match_ilp_solution_length:	43
match_ilp_upper_bound:	43
match_ilp_runtime:	1.33e-07
mdd_ilp_solution_length:	43
mdd_ilp_upper_bound:	43
mdd_ilp_runtime:	5.9e-08
solution:	[36, 342, 187, 63, 280, 267, 359, 3, 323, 278, 252, 194, 301, 101, 92, 53, 13, 104, 176, 183, 52, 24, 166, 136, 184, 295, 275, 247, 303, 197, 300, 326, 299, 149, 244, 9, 172, 208, 34, 365, 277, 97, 144, ]
