solved:	true
solution_length:	42
upper_bound:	42
solution_runtime:	0.017103
heuristic_solution_length:	42
heuristic_solution_runtime:	0.00930993
heuristic_runtime:	0.0165452
solving_forward:	true
reduction_is_complete:	true
reduction_quality:	1
reduction_upper_bound:	42
reduction_runtime:	0.000557697
mdd_memory_consumption:	0
main_process_memory_consumption:	0
match_ilp_solution_length:	42
match_ilp_upper_bound:	42
match_ilp_runtime:	1.08e-07
mdd_ilp_solution_length:	42
mdd_ilp_upper_bound:	42
mdd_ilp_runtime:	4.8e-08
solution:	[184, 154, 311, 235, 210, 40, 24, 29, 308, 153, 11, 69, 126, 106, 380, 32, 145, 61, 1, 234, 307, 362, 211, 238, 42, 237, 213, 67, 261, 102, 371, 179, 331, 151, 176, 360, 147, 289, 35, 46, 180, 7, ]
