solved:	true
solution_length:	64
upper_bound:	64
solution_runtime:	1.19474
heuristic_solution_length:	64
heuristic_solution_runtime:	0.0233607
heuristic_runtime:	0.524075
solving_forward:	false
reduction_is_complete:	true
reduction_quality:	1
reduction_upper_bound:	64
reduction_runtime:	0.670663
mdd_memory_consumption:	69720
main_process_memory_consumption:	0
match_ilp_solution_length:	64
match_ilp_upper_bound:	64
match_ilp_runtime:	2.7e-07
mdd_ilp_solution_length:	64
mdd_ilp_upper_bound:	64
mdd_ilp_runtime:	5.6e-08
solution:	[10, 20, 114, 92, 7, 111, 67, 36, 107, 48, 84, 72, 79, 15, 0, 117, 91, 8, 40, 85, 42, 59, 52, 61, 96, 55, 66, 75, 81, 63, 31, 120, 71, 125, 23, 6, 34, 44, 115, 46, 27, 5, 64, 83, 18, 106, 21, 17, 69, 77, 95, 90, 19, 9, 25, 88, 22, 32, 29, 1, 37, 119, 35, 82, ]
