solved:	true
solution_length:	46
upper_bound:	46
solution_runtime:	0.0265906
heuristic_solution_length:	46
heuristic_solution_runtime:	0.0107758
heuristic_runtime:	0.0254238
solving_forward:	true
reduction_is_complete:	true
reduction_quality:	1
reduction_upper_bound:	46
reduction_runtime:	0.00116664
mdd_memory_consumption:	0
main_process_memory_consumption:	0
match_ilp_solution_length:	46
match_ilp_upper_bound:	46
match_ilp_runtime:	1.02e-07
mdd_ilp_solution_length:	46
mdd_ilp_upper_bound:	46
mdd_ilp_runtime:	4.5e-08
solution:	[140, 181, 11, 153, 285, 167, 175, 249, 310, 143, 104, 309, 304, 283, 265, 288, 307, 17, 126, 168, 318, 264, 225, 100, 21, 226, 8, 191, 29, 192, 35, 135, 313, 70, 106, 178, 32, 119, 269, 221, 130, 273, 65, 69, 26, 247, ]
