solved:	true
solution_length:	64
upper_bound:	64
solution_runtime:	0.0620701
heuristic_solution_length:	64
heuristic_solution_runtime:	0.0620208
heuristic_runtime:	0.0620664
solving_forward:	true
reduction_is_complete:	true
reduction_quality:	1
reduction_upper_bound:	64
reduction_runtime:	3.608e-06
mdd_memory_consumption:	0
main_process_memory_consumption:	0
match_ilp_solution_length:	64
match_ilp_upper_bound:	64
match_ilp_runtime:	1.54e-07
mdd_ilp_solution_length:	64
mdd_ilp_upper_bound:	64
mdd_ilp_runtime:	5.3e-08
solution:	[28, 43, 29, 22, 34, 45, 1, 40, 61, 55, 9, 35, 32, 16, 49, 4, 5, 63, 31, 11, 3, 6, 62, 15, 39, 53, 37, 23, 12, 38, 51, 20, 58, 59, 2, 60, 56, 27, 54, 46, 0, 36, 30, 25, 14, 24, 21, 18, 8, 42, 17, 44, 7, 33, 26, 48, 19, 13, 10, 50, 57, 47, 41, 52, ]
