solved:	true
solution_length:	55
upper_bound:	55
solution_runtime:	0.0372875
heuristic_solution_length:	55
heuristic_solution_runtime:	0.0138577
heuristic_runtime:	0.0352083
solving_forward:	true
reduction_is_complete:	true
reduction_quality:	1
reduction_upper_bound:	55
reduction_runtime:	0.00207913
mdd_memory_consumption:	0
main_process_memory_consumption:	0
match_ilp_solution_length:	55
match_ilp_upper_bound:	55
match_ilp_runtime:	1.14e-07
mdd_ilp_solution_length:	55
mdd_ilp_upper_bound:	55
mdd_ilp_runtime:	4.7e-08
solution:	[246, 89, 135, 119, 65, 127, 215, 86, 175, 83, 75, 148, 123, 94, 252, 225, 120, 17, 154, 32, 158, 61, 70, 4, 19, 152, 162, 78, 211, 196, 98, 2, 52, 193, 113, 39, 176, 97, 172, 100, 87, 189, 22, 29, 30, 128, 67, 8, 238, 72, 140, 143, 204, 1, 230, ]
