solved:	true
solution_length:	43
upper_bound:	43
solution_runtime:	0.0149075
heuristic_solution_length:	43
heuristic_solution_runtime:	0.00815498
heuristic_runtime:	0.0145327
solving_forward:	true
reduction_is_complete:	true
reduction_quality:	1
reduction_upper_bound:	43
reduction_runtime:	0.000374683
mdd_memory_consumption:	0
main_process_memory_consumption:	0
match_ilp_solution_length:	43
match_ilp_upper_bound:	43
match_ilp_runtime:	1.03e-07
mdd_ilp_solution_length:	43
mdd_ilp_upper_bound:	43
mdd_ilp_runtime:	4.4e-08
solution:	[136, 134, 221, 109, 248, 258, 232, 292, 90, 45, 235, 194, 104, 255, 202, 127, 117, 63, 24, 378, 65, 61, 180, 60, 358, 44, 345, 356, 105, 320, 169, 252, 6, 283, 280, 307, 318, 143, 333, 177, 149, 254, 281, ]
