solved:	true
solution_length:	74
upper_bound:	74
solution_runtime:	1.63898
heuristic_solution_length:	74
heuristic_solution_runtime:	0.0330025
heuristic_runtime:	0.713826
solving_forward:	false
reduction_is_complete:	true
reduction_quality:	1
reduction_upper_bound:	74
reduction_runtime:	0.92515
mdd_memory_consumption:	74020
main_process_memory_consumption:	0
match_ilp_solution_length:	74
match_ilp_upper_bound:	74
match_ilp_runtime:	1.65e-07
mdd_ilp_solution_length:	74
mdd_ilp_upper_bound:	74
mdd_ilp_runtime:	5.3e-08
solution:	[96, 29, 117, 85, 120, 24, 30, 125, 14, 51, 88, 33, 41, 71, 119, 17, 21, 108, 10, 6, 42, 23, 7, 109, 112, 49, 48, 72, 114, 81, 93, 4, 60, 36, 28, 115, 56, 52, 32, 22, 9, 97, 55, 101, 76, 40, 46, 102, 67, 18, 26, 86, 11, 95, 58, 113, 100, 116, 35, 110, 61, 8, 106, 62, 75, 50, 111, 20, 118, 124, 82, 53, 126, 15, ]
