solved:	true
solution_length:	46
upper_bound:	46
solution_runtime:	0.00816265
heuristic_solution_length:	46
heuristic_solution_runtime:	0.00813373
heuristic_runtime:	0.00815875
solving_forward:	true
reduction_is_complete:	true
reduction_quality:	1
reduction_upper_bound:	46
reduction_runtime:	3.727e-06
mdd_memory_consumption:	0
main_process_memory_consumption:	0
match_ilp_solution_length:	46
match_ilp_upper_bound:	46
match_ilp_runtime:	1.71e-07
mdd_ilp_solution_length:	46
mdd_ilp_upper_bound:	46
mdd_ilp_runtime:	7.2e-08
solution:	[82, 87, 45, 42, 91, 70, 47, 104, 105, 113, 84, 13, 107, 126, 59, 85, 35, 81, 102, 27, 6, 86, 28, 120, 95, 14, 78, 9, 11, 80, 74, 111, 10, 16, 115, 90, 101, 96, 92, 122, 121, 17, 26, 88, 48, 25, ]
