solved:	true
solution_length:	48
upper_bound:	48
solution_runtime:	0.00685457
heuristic_solution_length:	48
heuristic_solution_runtime:	0.00648341
heuristic_runtime:	0.00682482
solving_forward:	true
reduction_is_complete:	true
reduction_quality:	1
reduction_upper_bound:	48
reduction_runtime:	2.9608e-05
mdd_memory_consumption:	0
main_process_memory_consumption:	0
match_ilp_solution_length:	48
match_ilp_upper_bound:	48
match_ilp_runtime:	1.43e-07
mdd_ilp_solution_length:	48
mdd_ilp_upper_bound:	48
mdd_ilp_runtime:	6.1e-08
solution:	[112, 19, 79, 69, 3, 42, 25, 105, 52, 96, 10, 6, 37, 118, 2, 65, 75, 90, 74, 36, 113, 71, 33, 106, 122, 11, 50, 31, 92, 17, 38, 102, 88, 9, 26, 66, 34, 107, 64, 0, 127, 23, 5, 125, 30, 87, 58, 97, ]
