solved:	true
solution_length:	50
upper_bound:	50
solution_runtime:	0.0282738
heuristic_solution_length:	50
heuristic_solution_runtime:	0.00744737
heuristic_runtime:	0.0262046
solving_forward:	true
reduction_is_complete:	true
reduction_quality:	1
reduction_upper_bound:	50
reduction_runtime:	0.0020691
mdd_memory_consumption:	0
main_process_memory_consumption:	0
match_ilp_solution_length:	50
match_ilp_upper_bound:	50
match_ilp_runtime:	1.16e-07
mdd_ilp_solution_length:	50
mdd_ilp_upper_bound:	50
mdd_ilp_runtime:	4.8e-08
solution:	[30, 104, 64, 46, 29, 17, 59, 94, 86, 61, 48, 1, 0, 65, 115, 100, 21, 89, 109, 50, 12, 92, 14, 4, 8, 33, 120, 9, 88, 72, 71, 57, 41, 5, 53, 19, 52, 69, 45, 107, 16, 38, 13, 80, 44, 32, 116, 83, 114, 39, ]
