solved:	true
solution_length:	68
upper_bound:	68
solution_runtime:	1.1188
heuristic_solution_length:	68
heuristic_solution_runtime:	0.0353351
heuristic_runtime:	0.619406
solving_forward:	false
reduction_is_complete:	true
reduction_quality:	1
reduction_upper_bound:	68
reduction_runtime:	0.499394
mdd_memory_consumption:	65444
main_process_memory_consumption:	0
match_ilp_solution_length:	68
match_ilp_upper_bound:	68
match_ilp_runtime:	9.3e-08
mdd_ilp_solution_length:	68
mdd_ilp_upper_bound:	68
mdd_ilp_runtime:	5.6e-08
solution:	[12, 90, 45, 33, 70, 71, 116, 50, 119, 101, 92, 122, 111, 113, 65, 68, 0, 23, 29, 75, 6, 39, 69, 67, 3, 74, 42, 55, 108, 13, 47, 56, 46, 91, 48, 109, 32, 80, 60, 40, 104, 1, 64, 8, 112, 54, 72, 25, 95, 31, 14, 16, 28, 15, 58, 115, 34, 63, 126, 118, 98, 21, 11, 84, 100, 2, 43, 44, ]
