solved:	true
solution_length:	56
upper_bound:	56
solution_runtime:	0.135501
heuristic_solution_length:	56
heuristic_solution_runtime:	0.0143381
heuristic_runtime:	0.110599
solving_forward:	false
reduction_is_complete:	true
reduction_quality:	1
reduction_upper_bound:	56
reduction_runtime:	0.0249015
mdd_memory_consumption:	0
main_process_memory_consumption:	0
match_ilp_solution_length:	56
match_ilp_upper_bound:	56
match_ilp_runtime:	9.6e-08
mdd_ilp_solution_length:	56
mdd_ilp_upper_bound:	56
mdd_ilp_runtime:	4.2e-08
solution:	[28, 2, 54, 66, 97, 11, 34, 65, 78, 56, 101, 114, 71, 85, 81, 10, 92, 94, 32, 57, 1, 49, 25, 61, 74, 3, 112, 77, 102, 8, 88, 50, 47, 99, 33, 96, 89, 108, 118, 4, 70, 107, 76, 40, 26, 37, 58, 115, 125, 117, 116, 127, 27, 24, 30, 20, ]
