solved:	true
solution_length:	60
upper_bound:	60
solution_runtime:	0.393461
heuristic_solution_length:	60
heuristic_solution_runtime:	0.0128057
heuristic_runtime:	0.2282
solving_forward:	true
reduction_is_complete:	true
reduction_quality:	1
reduction_upper_bound:	60
reduction_runtime:	0.165261
mdd_memory_consumption:	59580
main_process_memory_consumption:	0
match_ilp_solution_length:	60
match_ilp_upper_bound:	60
match_ilp_runtime:	1.27e-07
mdd_ilp_solution_length:	60
mdd_ilp_upper_bound:	60
mdd_ilp_runtime:	5.6e-08
solution:	[114, 32, 117, 27, 11, 86, 63, 33, 20, 111, 89, 14, 107, 24, 58, 81, 54, 110, 7, 41, 83, 5, 91, 19, 50, 109, 93, 103, 43, 42, 28, 17, 12, 25, 82, 98, 61, 84, 96, 80, 123, 79, 52, 95, 115, 48, 62, 116, 15, 39, 35, 16, 34, 71, 97, 18, 78, 69, 49, 126, ]
