solved:	true
solution_length:	73
upper_bound:	73
solution_runtime:	3.44572
heuristic_solution_length:	73
heuristic_solution_runtime:	0.10674
heuristic_runtime:	0.904293
solving_forward:	true
reduction_is_complete:	true
reduction_quality:	1
reduction_upper_bound:	73
reduction_runtime:	2.54142
mdd_memory_consumption:	128588
main_process_memory_consumption:	0
match_ilp_solution_length:	73
match_ilp_upper_bound:	73
match_ilp_runtime:	2.64e-07
mdd_ilp_solution_length:	73
mdd_ilp_upper_bound:	73
mdd_ilp_runtime:	5.6e-08
solution:	[49, 46, 68, 74, 125, 75, 16, 24, 109, 23, 7, 103, 83, 113, 116, 2, 44, 43, 106, 80, 101, 89, 79, 26, 73, 27, 90, 104, 86, 53, 124, 13, 64, 10, 58, 8, 85, 108, 39, 70, 47, 105, 102, 41, 22, 71, 29, 65, 110, 4, 62, 76, 107, 126, 37, 120, 25, 92, 66, 15, 121, 77, 96, 122, 50, 67, 20, 88, 45, 57, 34, 42, 72, ]
