solved:	true
solution_length:	75
upper_bound:	75
solution_runtime:	1.45176
heuristic_solution_length:	75
heuristic_solution_runtime:	0.0251823
heuristic_runtime:	0.656589
solving_forward:	true
reduction_is_complete:	true
reduction_quality:	1
reduction_upper_bound:	75
reduction_runtime:	0.795169
mdd_memory_consumption:	72924
main_process_memory_consumption:	0
match_ilp_solution_length:	75
match_ilp_upper_bound:	75
match_ilp_runtime:	1.69e-07
mdd_ilp_solution_length:	75
mdd_ilp_upper_bound:	75
mdd_ilp_runtime:	5.4e-08
solution:	[36, 67, 56, 94, 99, 4, 10, 30, 97, 29, 90, 108, 80, 37, 14, 25, 21, 126, 1, 9, 111, 76, 95, 51, 60, 2, 11, 49, 34, 50, 124, 62, 39, 58, 64, 59, 103, 85, 105, 28, 33, 115, 52, 57, 127, 63, 84, 96, 71, 122, 123, 114, 68, 77, 120, 104, 119, 69, 102, 38, 20, 109, 40, 32, 48, 16, 8, 47, 121, 27, 65, 24, 117, 100, 12, ]
