solved:	true
solution_length:	77
upper_bound:	77
solution_runtime:	27.0154
heuristic_solution_length:	77
heuristic_solution_runtime:	0.0439319
heuristic_runtime:	1.07316
solving_forward:	true
reduction_is_complete:	true
reduction_quality:	1
reduction_upper_bound:	77
reduction_runtime:	25.9422
mdd_memory_consumption:	670692
main_process_memory_consumption:	0
match_ilp_solution_length:	77
match_ilp_upper_bound:	77
match_ilp_runtime:	2.71e-07
mdd_ilp_solution_length:	77
mdd_ilp_upper_bound:	77
mdd_ilp_runtime:	5.4e-08
solution:	[112, 17, 21, 89, 50, 13, 90, 81, 7, 9, 114, 20, 63, 19, 41, 95, 67, 77, 100, 65, 82, 118, 106, 8, 16, 108, 125, 15, 79, 113, 53, 123, 40, 26, 56, 98, 109, 22, 124, 71, 88, 38, 46, 91, 3, 5, 69, 61, 92, 28, 117, 111, 94, 37, 115, 2, 29, 27, 126, 10, 72, 0, 47, 105, 43, 42, 73, 80, 1, 4, 25, 120, 101, 34, 57, 68, 121, ]
