solved:	true
solution_length:	50
upper_bound:	50
solution_runtime:	0.103586
heuristic_solution_length:	50
heuristic_solution_runtime:	0.0106934
heuristic_runtime:	0.0856844
solving_forward:	false
reduction_is_complete:	true
reduction_quality:	1
reduction_upper_bound:	50
reduction_runtime:	0.0179012
mdd_memory_consumption:	0
main_process_memory_consumption:	0
match_ilp_solution_length:	50
match_ilp_upper_bound:	50
match_ilp_runtime:	9.7e-08
mdd_ilp_solution_length:	50
mdd_ilp_upper_bound:	50
mdd_ilp_runtime:	5.5e-08
solution:	[69, 108, 119, 54, 114, 116, 95, 1, 12, 70, 124, 98, 86, 75, 65, 41, 5, 85, 77, 103, 9, 115, 45, 60, 3, 110, 100, 126, 121, 38, 7, 112, 43, 101, 113, 91, 46, 120, 111, 31, 67, 90, 29, 11, 10, 37, 125, 89, 122, 21, ]
