solved:	true
solution_length:	74
upper_bound:	74
solution_runtime:	0.847153
heuristic_solution_length:	74
heuristic_solution_runtime:	0.0228743
heuristic_runtime:	0.398127
solving_forward:	false
reduction_is_complete:	true
reduction_quality:	1
reduction_upper_bound:	74
reduction_runtime:	0.449026
mdd_memory_consumption:	64992
main_process_memory_consumption:	0
match_ilp_solution_length:	74
match_ilp_upper_bound:	74
match_ilp_runtime:	3.49e-07
mdd_ilp_solution_length:	74
mdd_ilp_upper_bound:	74
mdd_ilp_runtime:	5.5e-08
solution:	[23, 1, 62, 37, 64, 70, 10, 66, 20, 75, 88, 69, 122, 25, 106, 100, 11, 119, 27, 71, 55, 121, 97, 74, 98, 109, 86, 115, 103, 58, 57, 94, 63, 14, 107, 52, 26, 39, 9, 7, 38, 44, 18, 68, 34, 116, 35, 28, 32, 45, 113, 125, 21, 105, 82, 81, 117, 47, 123, 89, 48, 91, 15, 101, 19, 12, 24, 90, 126, 95, 127, 92, 17, 61, ]
