solved:	true
solution_length:	51
upper_bound:	51
solution_runtime:	0.0772628
heuristic_solution_length:	51
heuristic_solution_runtime:	0.00965592
heuristic_runtime:	0.0645133
solving_forward:	false
reduction_is_complete:	true
reduction_quality:	1
reduction_upper_bound:	51
reduction_runtime:	0.0127494
mdd_memory_consumption:	0
main_process_memory_consumption:	0
match_ilp_solution_length:	51
match_ilp_upper_bound:	51
match_ilp_runtime:	1e-07
mdd_ilp_solution_length:	51
mdd_ilp_upper_bound:	51
mdd_ilp_runtime:	4.4e-08
solution:	[101, 37, 67, 62, 117, 119, 113, 97, 88, 10, 93, 127, 85, 49, 46, 1, 86, 82, 72, 41, 43, 4, 56, 120, 53, 75, 19, 23, 18, 60, 9, 38, 13, 0, 73, 123, 57, 45, 52, 109, 100, 66, 33, 107, 24, 59, 25, 12, 91, 74, 122, ]
