solved:	true
solution_length:	76
upper_bound:	76
solution_runtime:	7.245
heuristic_solution_length:	76
heuristic_solution_runtime:	0.0771178
heuristic_runtime:	1.02828
solving_forward:	true
reduction_is_complete:	true
reduction_quality:	1
reduction_upper_bound:	76
reduction_runtime:	6.21672
mdd_memory_consumption:	231132
main_process_memory_consumption:	0
match_ilp_solution_length:	76
match_ilp_upper_bound:	76
match_ilp_runtime:	3.31e-07
mdd_ilp_solution_length:	76
mdd_ilp_upper_bound:	76
mdd_ilp_runtime:	9.6e-08
solution:	[82, 84, 50, 23, 66, 16, 92, 44, 96, 26, 100, 8, 9, 40, 73, 109, 124, 22, 21, 47, 58, 70, 10, 111, 94, 72, 48, 62, 28, 120, 93, 31, 65, 81, 102, 7, 75, 20, 3, 37, 30, 49, 97, 107, 105, 42, 54, 104, 117, 24, 17, 95, 103, 68, 101, 52, 77, 51, 25, 86, 6, 27, 112, 41, 125, 83, 0, 115, 45, 32, 36, 118, 14, 34, 99, 46, ]
