solved:	true
solution_length:	51
upper_bound:	51
solution_runtime:	0.0858328
heuristic_solution_length:	51
heuristic_solution_runtime:	0.0126475
heuristic_runtime:	0.0750004
solving_forward:	false
reduction_is_complete:	true
reduction_quality:	1
reduction_upper_bound:	51
reduction_runtime:	0.0108322
mdd_memory_consumption:	0
main_process_memory_consumption:	0
match_ilp_solution_length:	51
match_ilp_upper_bound:	51
match_ilp_runtime:	1.03e-07
mdd_ilp_solution_length:	51
mdd_ilp_upper_bound:	51
mdd_ilp_runtime:	4.1e-08
solution:	[39, 94, 32, 90, 102, 121, 14, 43, 67, 2, 63, 101, 19, 97, 113, 115, 38, 86, 125, 37, 58, 20, 120, 69, 73, 62, 27, 111, 59, 122, 34, 24, 50, 89, 109, 114, 57, 72, 7, 119, 47, 110, 36, 23, 96, 71, 44, 8, 123, 105, 51, ]
