solved:	true
solution_length:	77
upper_bound:	77
solution_runtime:	1.52881
heuristic_solution_length:	77
heuristic_solution_runtime:	0.0834312
heuristic_runtime:	0.766469
solving_forward:	true
reduction_is_complete:	true
reduction_quality:	1
reduction_upper_bound:	77
reduction_runtime:	0.762337
mdd_memory_consumption:	71024
main_process_memory_consumption:	0
match_ilp_solution_length:	77
match_ilp_upper_bound:	77
match_ilp_runtime:	2.63e-07
mdd_ilp_solution_length:	77
mdd_ilp_upper_bound:	77
mdd_ilp_runtime:	5.7e-08
solution:	[78, 32, 76, 1, 115, 4, 114, 35, 107, 28, 127, 116, 52, 0, 94, 10, 60, 19, 96, 44, 97, 55, 125, 110, 85, 93, 75, 87, 126, 23, 89, 13, 47, 119, 79, 84, 102, 3, 123, 88, 77, 58, 53, 108, 106, 83, 39, 95, 74, 14, 29, 11, 24, 68, 40, 48, 46, 92, 37, 72, 73, 120, 111, 118, 61, 20, 12, 112, 45, 82, 121, 100, 15, 8, 90, 33, 43, ]
