solved:	true
solution_length:	73
upper_bound:	73
solution_runtime:	3.00436
heuristic_solution_length:	73
heuristic_solution_runtime:	0.0368593
heuristic_runtime:	0.761102
solving_forward:	true
reduction_is_complete:	true
reduction_quality:	1
reduction_upper_bound:	73
reduction_runtime:	2.24326
mdd_memory_consumption:	93156
main_process_memory_consumption:	0
match_ilp_solution_length:	73
match_ilp_upper_bound:	73
match_ilp_runtime:	1.57e-07
mdd_ilp_solution_length:	73
mdd_ilp_upper_bound:	73
mdd_ilp_runtime:	6e-08
solution:	[12, 116, 15, 19, 64, 58, 37, 48, 105, 24, 84, 92, 42, 38, 39, 54, 127, 1, 102, 31, 13, 85, 28, 27, 25, 57, 95, 120, 112, 29, 22, 101, 99, 5, 9, 60, 119, 81, 90, 93, 118, 121, 110, 126, 4, 66, 40, 11, 77, 104, 68, 79, 59, 43, 2, 94, 125, 63, 100, 55, 70, 122, 74, 96, 56, 16, 111, 69, 88, 0, 44, 3, 45, ]
