solved:	true
solution_length:	75
upper_bound:	75
solution_runtime:	1.72735
heuristic_solution_length:	75
heuristic_solution_runtime:	0.046445
heuristic_runtime:	0.651689
solving_forward:	true
reduction_is_complete:	true
reduction_quality:	1
reduction_upper_bound:	75
reduction_runtime:	1.07566
mdd_memory_consumption:	78644
main_process_memory_consumption:	0
match_ilp_solution_length:	75
match_ilp_upper_bound:	75
match_ilp_runtime:	1.81e-07
mdd_ilp_solution_length:	75
mdd_ilp_upper_bound:	75
mdd_ilp_runtime:	7.4e-08
solution:	[97, 81, 41, 32, 62, 93, 85, 123, 107, 20, 110, 112, 95, 115, 78, 91, 66, 77, 38, 50, 102, 9, 113, 15, 72, 58, 126, 27, 44, 104, 37, 88, 117, 100, 47, 101, 111, 75, 65, 90, 89, 6, 63, 8, 53, 80, 5, 76, 127, 70, 23, 79, 16, 108, 83, 4, 28, 45, 19, 73, 2, 56, 33, 42, 24, 0, 84, 49, 31, 39, 51, 109, 1, 74, 125, ]
