solved:	true
solution_length:	48
upper_bound:	48
solution_runtime:	0.0296793
heuristic_solution_length:	48
heuristic_solution_runtime:	0.00922183
heuristic_runtime:	0.0279226
solving_forward:	true
reduction_is_complete:	true
reduction_quality:	1
reduction_upper_bound:	48
reduction_runtime:	0.00175652
mdd_memory_consumption:	0
main_process_memory_consumption:	0
match_ilp_solution_length:	48
match_ilp_upper_bound:	48
match_ilp_runtime:	1.44e-07
mdd_ilp_solution_length:	48
mdd_ilp_upper_bound:	48
mdd_ilp_runtime:	4.8e-08
solution:	[15, 25, 47, 121, 6, 86, 69, 88, 57, 62, 111, 87, 59, 52, 33, 100, 102, 68, 30, 18, 74, 35, 9, 42, 0, 41, 45, 39, 54, 58, 93, 122, 7, 67, 50, 75, 34, 77, 13, 49, 115, 21, 119, 70, 14, 105, 20, 99, ]
