solved:	true
solution_length:	70
upper_bound:	70
solution_runtime:	0.755634
heuristic_solution_length:	70
heuristic_solution_runtime:	0.0268416
heuristic_runtime:	0.425836
solving_forward:	false
reduction_is_complete:	true
reduction_quality:	1
reduction_upper_bound:	70
reduction_runtime:	0.329798
mdd_memory_consumption:	63516
main_process_memory_consumption:	0
match_ilp_solution_length:	70
match_ilp_upper_bound:	70
match_ilp_runtime:	5.11e-07
mdd_ilp_solution_length:	70
mdd_ilp_upper_bound:	70
mdd_ilp_runtime:	2.04e-07
solution:	[41, 49, 53, 44, 84, 93, 86, 7, 29, 63, 38, 117, 16, 33, 39, 58, 72, 107, 91, 18, 55, 36, 10, 42, 60, 96, 23, 123, 113, 102, 8, 34, 24, 124, 65, 11, 46, 112, 26, 115, 6, 71, 97, 67, 15, 3, 120, 95, 73, 57, 35, 1, 59, 103, 17, 104, 51, 82, 56, 50, 101, 19, 87, 9, 94, 76, 14, 64, 43, 116, ]
