solved:	true
solution_length:	70
upper_bound:	70
solution_runtime:	1.34398
heuristic_solution_length:	70
heuristic_solution_runtime:	0.0270023
heuristic_runtime:	0.499682
solving_forward:	false
reduction_is_complete:	true
reduction_quality:	1
reduction_upper_bound:	70
reduction_runtime:	0.844296
mdd_memory_consumption:	72000
main_process_memory_consumption:	0
match_ilp_solution_length:	70
match_ilp_upper_bound:	70
match_ilp_runtime:	1.73e-07
mdd_ilp_solution_length:	70
mdd_ilp_upper_bound:	70
mdd_ilp_runtime:	5.4e-08
solution:	[122, 90, 108, 72, 68, 77, 73, 107, 54, 70, 42, 25, 87, 81, 89, 41, 47, 38, 5, 57, 35, 49, 124, 121, 37, 88, 104, 29, 22, 98, 8, 56, 45, 75, 79, 91, 115, 4, 94, 23, 11, 21, 83, 10, 16, 33, 26, 111, 3, 116, 39, 92, 46, 105, 13, 12, 114, 103, 0, 78, 118, 97, 60, 51, 85, 43, 123, 40, 101, 53, ]
