solved:	true
solution_length:	57
upper_bound:	57
solution_runtime:	0.264796
heuristic_solution_length:	57
heuristic_solution_runtime:	0.019333
heuristic_runtime:	0.182227
solving_forward:	false
reduction_is_complete:	true
reduction_quality:	1
reduction_upper_bound:	57
reduction_runtime:	0.0825683
mdd_memory_consumption:	56816
main_process_memory_consumption:	0
match_ilp_solution_length:	57
match_ilp_upper_bound:	57
match_ilp_runtime:	1.38e-07
mdd_ilp_solution_length:	57
mdd_ilp_upper_bound:	57
mdd_ilp_runtime:	5.5e-08
solution:	[35, 54, 97, 59, 115, 34, 7, 13, 44, 64, 17, 125, 26, 53, 98, 14, 50, 99, 118, 113, 61, 60, 41, 0, 66, 78, 27, 71, 6, 112, 81, 92, 116, 68, 33, 123, 111, 79, 48, 108, 20, 106, 55, 96, 122, 32, 102, 2, 86, 56, 40, 84, 39, 9, 103, 89, 90, ]
