solved:	true
solution_length:	72
upper_bound:	72
solution_runtime:	2.92512
heuristic_solution_length:	72
heuristic_solution_runtime:	0.118621
heuristic_runtime:	0.904523
solving_forward:	true
reduction_is_complete:	true
reduction_quality:	1
reduction_upper_bound:	72
reduction_runtime:	2.0206
mdd_memory_consumption:	101720
main_process_memory_consumption:	0
match_ilp_solution_length:	72
match_ilp_upper_bound:	72
match_ilp_runtime:	1.54e-07
mdd_ilp_solution_length:	72
mdd_ilp_upper_bound:	72
mdd_ilp_runtime:	5.5e-08
solution:	[40, 114, 66, 3, 50, 83, 27, 19, 82, 107, 51, 54, 31, 2, 28, 20, 68, 103, 41, 47, 55, 90, 33, 36, 70, 109, 80, 32, 24, 14, 98, 45, 95, 48, 57, 34, 30, 23, 117, 81, 100, 118, 35, 1, 17, 121, 26, 126, 22, 8, 21, 79, 4, 113, 46, 67, 11, 18, 97, 106, 6, 65, 39, 0, 105, 119, 96, 86, 111, 120, 15, 71, ]
