solved:	true
solution_length:	71
upper_bound:	71
solution_runtime:	1.12941
heuristic_solution_length:	71
heuristic_solution_runtime:	0.026455
heuristic_runtime:	0.45278
solving_forward:	true
reduction_is_complete:	true
reduction_quality:	1
reduction_upper_bound:	71
reduction_runtime:	0.676625
mdd_memory_consumption:	70292
main_process_memory_consumption:	0
match_ilp_solution_length:	71
match_ilp_upper_bound:	71
match_ilp_runtime:	1.7e-07
mdd_ilp_solution_length:	71
mdd_ilp_upper_bound:	71
mdd_ilp_runtime:	5.7e-08
solution:	[114, 26, 41, 39, 97, 66, 95, 99, 27, 93, 40, 38, 83, 94, 30, 101, 96, 46, 42, 84, 20, 28, 65, 77, 106, 125, 31, 59, 116, 36, 115, 24, 47, 68, 81, 53, 12, 108, 5, 18, 105, 15, 80, 74, 122, 109, 7, 112, 89, 32, 1, 45, 60, 123, 90, 121, 2, 52, 64, 107, 22, 127, 126, 6, 55, 78, 75, 35, 13, 113, 120, ]
