solved:	true
solution_length:	60
upper_bound:	60
solution_runtime:	0.291131
heuristic_solution_length:	60
heuristic_solution_runtime:	0.0246484
heuristic_runtime:	0.189005
solving_forward:	true
reduction_is_complete:	true
reduction_quality:	1
reduction_upper_bound:	60
reduction_runtime:	0.102126
mdd_memory_consumption:	56772
main_process_memory_consumption:	0
match_ilp_solution_length:	60
match_ilp_upper_bound:	60
match_ilp_runtime:	1.19e-07
mdd_ilp_solution_length:	60
mdd_ilp_upper_bound:	60
mdd_ilp_runtime:	5.5e-08
solution:	[0, 47, 41, 36, 97, 87, 50, 4, 44, 52, 54, 72, 113, 19, 96, 31, 1, 57, 105, 110, 65, 73, 118, 76, 75, 109, 59, 63, 83, 99, 67, 102, 38, 13, 94, 127, 35, 88, 23, 9, 69, 46, 89, 117, 16, 84, 64, 43, 53, 101, 119, 112, 55, 60, 82, 56, 116, 91, 32, 125, ]
