solved:	true
solution_length:	56
upper_bound:	56
solution_runtime:	0.132645
heuristic_solution_length:	56
heuristic_solution_runtime:	0.0123934
heuristic_runtime:	0.0889843
solving_forward:	true
reduction_is_complete:	true
reduction_quality:	1
reduction_upper_bound:	56
reduction_runtime:	0.0436606
mdd_memory_consumption:	54792
main_process_memory_consumption:	0
match_ilp_solution_length:	56
match_ilp_upper_bound:	56
match_ilp_runtime:	1.12e-07
mdd_ilp_solution_length:	56
mdd_ilp_upper_bound:	56
mdd_ilp_runtime:	5.7e-08
solution:	[16, 35, 19, 125, 61, 54, 90, 1, 102, 105, 127, 9, 122, 51, 56, 99, 111, 34, 30, 63, 65, 117, 0, 3, 124, 40, 119, 104, 74, 17, 91, 106, 93, 115, 86, 52, 79, 48, 70, 4, 27, 6, 55, 20, 81, 14, 58, 53, 83, 98, 109, 15, 120, 43, 46, 114, ]
