solved:	true
solution_length:	48
upper_bound:	48
solution_runtime:	0.0382307
heuristic_solution_length:	48
heuristic_solution_runtime:	0.00837001
heuristic_runtime:	0.0348829
solving_forward:	true
reduction_is_complete:	true
reduction_quality:	1
reduction_upper_bound:	48
reduction_runtime:	0.00334773
mdd_memory_consumption:	0
main_process_memory_consumption:	0
match_ilp_solution_length:	48
match_ilp_upper_bound:	48
match_ilp_runtime:	1.02e-07
mdd_ilp_solution_length:	48
mdd_ilp_upper_bound:	48
mdd_ilp_runtime:	3.3e-08
solution:	[121, 113, 56, 29, 3, 72, 65, 101, 1, 122, 23, 60, 41, 11, 49, 46, 90, 62, 17, 102, 70, 37, 2, 82, 94, 54, 0, 75, 16, 28, 74, 61, 36, 4, 30, 51, 108, 95, 14, 83, 125, 18, 78, 117, 47, 45, 104, 118, ]
