solved:	true
solution_length:	79
upper_bound:	79
solution_runtime:	3.40989
heuristic_solution_length:	79
heuristic_solution_runtime:	0.033557
heuristic_runtime:	0.790495
solving_forward:	true
reduction_is_complete:	true
reduction_quality:	1
reduction_upper_bound:	79
reduction_runtime:	2.61939
mdd_memory_consumption:	123960
main_process_memory_consumption:	0
match_ilp_solution_length:	79
match_ilp_upper_bound:	79
match_ilp_runtime:	2.8e-07
mdd_ilp_solution_length:	79
mdd_ilp_upper_bound:	79
mdd_ilp_runtime:	5.6e-08
solution:	[55, 74, 126, 77, 20, 4, 119, 83, 39, 51, 57, 91, 10, 107, 53, 93, 96, 110, 108, 117, 13, 24, 44, 14, 106, 78, 63, 22, 68, 34, 99, 26, 79, 31, 12, 30, 69, 118, 38, 46, 71, 85, 86, 35, 92, 7, 72, 29, 67, 28, 103, 59, 84, 47, 17, 115, 94, 123, 18, 1, 81, 88, 113, 111, 104, 19, 32, 98, 90, 114, 100, 3, 89, 60, 27, 75, 73, 41, 37, ]
