solved:	true
solution_length:	74
upper_bound:	74
solution_runtime:	1.9095
heuristic_solution_length:	74
heuristic_solution_runtime:	0.0370741
heuristic_runtime:	0.659934
solving_forward:	true
reduction_is_complete:	true
reduction_quality:	1
reduction_upper_bound:	74
reduction_runtime:	1.24957
mdd_memory_consumption:	81480
main_process_memory_consumption:	0
match_ilp_solution_length:	74
match_ilp_upper_bound:	74
match_ilp_runtime:	1.55e-07
mdd_ilp_solution_length:	74
mdd_ilp_upper_bound:	74
mdd_ilp_runtime:	5.5e-08
solution:	[33, 97, 125, 8, 6, 52, 22, 32, 124, 24, 28, 49, 83, 101, 112, 34, 114, 9, 40, 108, 57, 105, 71, 103, 1, 61, 36, 37, 119, 21, 48, 109, 35, 102, 16, 17, 111, 98, 30, 26, 123, 54, 117, 78, 85, 2, 100, 45, 96, 95, 73, 118, 93, 20, 59, 88, 13, 76, 126, 81, 67, 113, 25, 91, 51, 62, 27, 82, 58, 7, 121, 122, 68, 86, ]
