solved:	true
solution_length:	77
upper_bound:	77
solution_runtime:	2.97713
heuristic_solution_length:	77
heuristic_solution_runtime:	0.0584003
heuristic_runtime:	0.874426
solving_forward:	false
reduction_is_complete:	true
reduction_quality:	1
reduction_upper_bound:	77
reduction_runtime:	2.10271
mdd_memory_consumption:	112980
main_process_memory_consumption:	0
match_ilp_solution_length:	77
match_ilp_upper_bound:	77
match_ilp_runtime:	2.75e-07
mdd_ilp_solution_length:	77
mdd_ilp_upper_bound:	77
mdd_ilp_runtime:	5.7e-08
solution:	[124, 75, 123, 25, 69, 14, 22, 54, 91, 76, 109, 13, 105, 1, 41, 74, 121, 116, 7, 38, 117, 81, 52, 82, 24, 40, 92, 97, 95, 115, 42, 88, 36, 104, 119, 107, 79, 16, 93, 61, 53, 34, 68, 49, 23, 99, 78, 32, 70, 17, 126, 48, 83, 94, 127, 96, 46, 11, 6, 106, 101, 65, 122, 30, 71, 3, 58, 8, 12, 114, 73, 10, 31, 26, 59, 47, 28, ]
