solved:	true
solution_length:	43
upper_bound:	43
solution_runtime:	0.102084
heuristic_solution_length:	43
heuristic_solution_runtime:	0.00845552
heuristic_runtime:	0.0624522
solving_forward:	true
reduction_is_complete:	true
reduction_quality:	1
reduction_upper_bound:	43
reduction_runtime:	0.0396313
mdd_memory_consumption:	53772
main_process_memory_consumption:	0
match_ilp_solution_length:	43
match_ilp_upper_bound:	43
match_ilp_runtime:	1.19e-07
mdd_ilp_solution_length:	43
mdd_ilp_upper_bound:	43
mdd_ilp_runtime:	5.6e-08
solution:	[31, 100, 11, 97, 18, 99, 121, 45, 51, 13, 118, 112, 124, 48, 87, 77, 122, 22, 19, 64, 17, 116, 1, 3, 42, 114, 57, 89, 14, 110, 73, 33, 32, 98, 115, 103, 61, 25, 4, 107, 92, 111, 63, ]
