solved:	true
solution_length:	64
upper_bound:	64
solution_runtime:	0.378121
heuristic_solution_length:	64
heuristic_solution_runtime:	0.0179343
heuristic_runtime:	0.206617
solving_forward:	true
reduction_is_complete:	true
reduction_quality:	1
reduction_upper_bound:	64
reduction_runtime:	0.171504
mdd_memory_consumption:	59764
main_process_memory_consumption:	0
match_ilp_solution_length:	64
match_ilp_upper_bound:	64
match_ilp_runtime:	9.6e-08
mdd_ilp_solution_length:	64
mdd_ilp_upper_bound:	64
mdd_ilp_runtime:	5.4e-08
solution:	[22, 127, 58, 18, 29, 114, 43, 49, 8, 38, 70, 25, 66, 98, 76, 71, 35, 77, 116, 32, 95, 45, 102, 52, 19, 74, 10, 100, 15, 103, 2, 96, 20, 79, 123, 9, 48, 51, 65, 68, 125, 59, 126, 89, 122, 44, 85, 50, 55, 82, 106, 99, 93, 56, 27, 3, 72, 118, 108, 80, 14, 37, 17, 78, ]
