solved:	true
solution_length:	71
upper_bound:	71
solution_runtime:	1.94287
heuristic_solution_length:	71
heuristic_solution_runtime:	0.0325114
heuristic_runtime:	0.688915
solving_forward:	false
reduction_is_complete:	true
reduction_quality:	1
reduction_upper_bound:	71
reduction_runtime:	1.25395
mdd_memory_consumption:	83092
main_process_memory_consumption:	0
match_ilp_solution_length:	71
match_ilp_upper_bound:	71
match_ilp_runtime:	2.38e-07
mdd_ilp_solution_length:	71
mdd_ilp_upper_bound:	71
mdd_ilp_runtime:	5.5e-08
solution:	[40, 78, 15, 31, 68, 61, 20, 112, 58, 56, 81, 52, 32, 80, 70, 10, 28, 29, 94, 24, 110, 9, 41, 73, 60, 77, 49, 83, 3, 71, 23, 35, 82, 59, 38, 116, 54, 72, 87, 39, 98, 0, 124, 113, 7, 91, 63, 25, 55, 43, 120, 99, 122, 27, 123, 100, 16, 53, 103, 84, 88, 75, 111, 90, 96, 12, 92, 125, 19, 8, 93, ]
