solved:	true
solution_length:	51
upper_bound:	51
solution_runtime:	0.142243
heuristic_solution_length:	51
heuristic_solution_runtime:	0.00618173
heuristic_runtime:	0.090632
solving_forward:	true
reduction_is_complete:	true
reduction_quality:	1
reduction_upper_bound:	51
reduction_runtime:	0.0516106
mdd_memory_consumption:	55460
main_process_memory_consumption:	0
match_ilp_solution_length:	51
match_ilp_upper_bound:	51
match_ilp_runtime:	1.03e-07
mdd_ilp_solution_length:	51
mdd_ilp_upper_bound:	51
mdd_ilp_runtime:	5.4e-08
solution:	[83, 86, 80, 54, 100, 88, 112, 97, 34, 98, 113, 1, 51, 6, 99, 57, 21, 106, 87, 4, 84, 73, 63, 61, 107, 102, 127, 94, 49, 25, 45, 37, 7, 93, 108, 114, 105, 75, 125, 90, 103, 64, 52, 104, 71, 60, 13, 119, 96, 79, 111, ]
