solved:	true
solution_length:	72
upper_bound:	72
solution_runtime:	0.868527
heuristic_solution_length:	72
heuristic_solution_runtime:	0.0623806
heuristic_runtime:	0.480701
solving_forward:	true
reduction_is_complete:	true
reduction_quality:	1
reduction_upper_bound:	72
reduction_runtime:	0.387826
mdd_memory_consumption:	64516
main_process_memory_consumption:	0
match_ilp_solution_length:	72
match_ilp_upper_bound:	72
match_ilp_runtime:	2.38e-07
mdd_ilp_solution_length:	72
mdd_ilp_upper_bound:	72
mdd_ilp_runtime:	5.8e-08
solution:	[123, 39, 115, 119, 85, 127, 48, 73, 45, 90, 118, 25, 18, 27, 120, 58, 60, 122, 117, 4, 14, 107, 114, 15, 89, 70, 102, 74, 126, 30, 78, 94, 98, 16, 96, 59, 37, 92, 97, 46, 91, 11, 99, 103, 111, 5, 101, 75, 47, 29, 38, 9, 121, 84, 88, 80, 108, 104, 2, 66, 0, 79, 113, 7, 12, 36, 42, 110, 8, 20, 3, 87, ]
