solved:	true
solution_length:	59
upper_bound:	59
solution_runtime:	0.0912901
heuristic_solution_length:	59
heuristic_solution_runtime:	0.00919308
heuristic_runtime:	0.0574564
solving_forward:	true
reduction_is_complete:	true
reduction_quality:	1
reduction_upper_bound:	59
reduction_runtime:	0.0338336
mdd_memory_consumption:	54460
main_process_memory_consumption:	0
match_ilp_solution_length:	59
match_ilp_upper_bound:	59
match_ilp_runtime:	1.14e-07
mdd_ilp_solution_length:	59
mdd_ilp_upper_bound:	59
mdd_ilp_runtime:	6e-08
solution:	[24, 10, 59, 126, 85, 109, 3, 2, 70, 101, 86, 50, 39, 79, 121, 60, 68, 8, 30, 89, 77, 53, 7, 71, 49, 46, 36, 18, 72, 81, 123, 67, 65, 4, 6, 35, 113, 78, 37, 22, 38, 13, 0, 56, 90, 58, 57, 28, 26, 120, 103, 55, 105, 9, 51, 88, 66, 34, 97, ]
