solved:	true
solution_length:	77
upper_bound:	77
solution_runtime:	2.58168
heuristic_solution_length:	77
heuristic_solution_runtime:	0.0826741
heuristic_runtime:	0.926197
solving_forward:	false
reduction_is_complete:	true
reduction_quality:	1
reduction_upper_bound:	77
reduction_runtime:	1.65548
mdd_memory_consumption:	95864
main_process_memory_consumption:	0
match_ilp_solution_length:	77
match_ilp_upper_bound:	77
match_ilp_runtime:	1.58e-07
mdd_ilp_solution_length:	77
mdd_ilp_upper_bound:	77
mdd_ilp_runtime:	5.3e-08
solution:	[82, 124, 97, 50, 42, 102, 21, 113, 7, 71, 88, 4, 29, 127, 81, 60, 17, 73, 76, 90, 96, 57, 14, 95, 67, 13, 79, 86, 65, 109, 62, 59, 92, 116, 38, 23, 114, 47, 55, 35, 107, 100, 43, 93, 77, 3, 19, 108, 37, 110, 85, 45, 58, 61, 18, 20, 0, 69, 66, 49, 105, 10, 106, 25, 63, 34, 104, 98, 6, 68, 11, 24, 40, 111, 2, 121, 84, ]
