solved:	true
solution_length:	55
upper_bound:	55
solution_runtime:	0.0991916
heuristic_solution_length:	55
heuristic_solution_runtime:	0.0137372
heuristic_runtime:	0.0849328
solving_forward:	false
reduction_is_complete:	true
reduction_quality:	1
reduction_upper_bound:	55
reduction_runtime:	0.0142587
mdd_memory_consumption:	0
main_process_memory_consumption:	0
match_ilp_solution_length:	55
match_ilp_upper_bound:	55
match_ilp_runtime:	1.04e-07
mdd_ilp_solution_length:	55
mdd_ilp_upper_bound:	55
mdd_ilp_runtime:	4.1e-08
solution:	[74, 56, 24, 103, 19, 32, 3, 33, 100, 78, 98, 1, 50, 89, 107, 9, 73, 93, 17, 20, 86, 96, 95, 8, 52, 108, 16, 80, 23, 105, 11, 82, 79, 83, 41, 126, 27, 90, 106, 121, 4, 47, 104, 22, 84, 30, 38, 64, 57, 115, 36, 116, 10, 5, 110, ]
