solved:	true
solution_length:	72
upper_bound:	72
solution_runtime:	5.21849
heuristic_solution_length:	72
heuristic_solution_runtime:	0.0525373
heuristic_runtime:	0.78764
solving_forward:	true
reduction_is_complete:	true
reduction_quality:	1
reduction_upper_bound:	72
reduction_runtime:	4.43085
mdd_memory_consumption:	169348
main_process_memory_consumption:	0
match_ilp_solution_length:	72
match_ilp_upper_bound:	72
match_ilp_runtime:	3.27e-07
mdd_ilp_solution_length:	72
mdd_ilp_upper_bound:	72
mdd_ilp_runtime:	9.6e-08
solution:	[51, 48, 50, 73, 44, 84, 115, 61, 49, 21, 86, 4, 27, 40, 113, 70, 14, 118, 97, 57, 77, 30, 67, 89, 72, 95, 15, 123, 107, 120, 23, 33, 69, 82, 109, 3, 85, 31, 127, 111, 32, 55, 78, 58, 105, 12, 17, 42, 102, 81, 6, 43, 54, 41, 125, 16, 103, 11, 25, 91, 112, 34, 68, 114, 39, 46, 121, 53, 98, 52, 63, 24, ]
