solved:	true
solution_length:	81
upper_bound:	81
solution_runtime:	5.09942
heuristic_solution_length:	81
heuristic_solution_runtime:	0.0589444
heuristic_runtime:	1.21788
solving_forward:	true
reduction_is_complete:	true
reduction_quality:	1
reduction_upper_bound:	81
reduction_runtime:	3.88153
mdd_memory_consumption:	132104
main_process_memory_consumption:	0
match_ilp_solution_length:	81
match_ilp_upper_bound:	81
match_ilp_runtime:	1.8e-07
mdd_ilp_solution_length:	81
mdd_ilp_upper_bound:	81
mdd_ilp_runtime:	5.4e-08
solution:	[64, 95, 122, 63, 44, 49, 115, 15, 123, 40, 26, 73, 81, 86, 76, 101, 125, 126, 75, 12, 118, 43, 124, 18, 2, 6, 24, 9, 25, 102, 3, 61, 67, 65, 38, 33, 62, 127, 34, 19, 92, 5, 4, 31, 105, 28, 96, 83, 32, 82, 107, 103, 22, 42, 21, 30, 121, 100, 106, 71, 98, 109, 13, 114, 23, 45, 48, 10, 119, 1, 39, 72, 78, 70, 90, 93, 89, 111, 57, 85, 94, ]
