solved:	true
solution_length:	76
upper_bound:	76
solution_runtime:	4.93185
heuristic_solution_length:	76
heuristic_solution_runtime:	0.0901988
heuristic_runtime:	1.00728
solving_forward:	true
reduction_is_complete:	true
reduction_quality:	1
reduction_upper_bound:	76
reduction_runtime:	3.92457
mdd_memory_consumption:	158680
main_process_memory_consumption:	0
match_ilp_solution_length:	76
match_ilp_upper_bound:	76
match_ilp_runtime:	1.61e-07
mdd_ilp_solution_length:	76
mdd_ilp_upper_bound:	76
mdd_ilp_runtime:	5.2e-08
solution:	[76, 8, 103, 3, 2, 109, 9, 38, 37, 55, 47, 36, 116, 33, 123, 75, 107, 111, 45, 51, 23, 102, 19, 43, 90, 53, 67, 91, 57, 59, 94, 78, 50, 82, 86, 56, 121, 127, 97, 26, 113, 122, 125, 7, 15, 46, 72, 114, 106, 89, 68, 118, 6, 71, 61, 70, 99, 1, 96, 20, 39, 24, 0, 60, 69, 104, 28, 124, 31, 84, 27, 58, 87, 30, 34, 101, ]
