solved:	true
solution_length:	62
upper_bound:	62
solution_runtime:	0.471195
heuristic_solution_length:	62
heuristic_solution_runtime:	0.025942
heuristic_runtime:	0.317696
solving_forward:	false
reduction_is_complete:	true
reduction_quality:	1
reduction_upper_bound:	62
reduction_runtime:	0.153498
mdd_memory_consumption:	58308
main_process_memory_consumption:	0
match_ilp_solution_length:	62
match_ilp_upper_bound:	62
match_ilp_runtime:	1.49e-07
mdd_ilp_solution_length:	62
mdd_ilp_upper_bound:	62
mdd_ilp_runtime:	5.4e-08
solution:	[89, 4, 51, 106, 42, 122, 21, 36, 20, 108, 77, 102, 115, 127, 84, 96, 44, 68, 32, 58, 99, 113, 107, 120, 57, 52, 117, 47, 10, 7, 61, 3, 116, 76, 60, 40, 92, 19, 95, 63, 87, 103, 17, 6, 16, 14, 101, 43, 9, 29, 70, 112, 48, 46, 73, 26, 75, 22, 88, 23, 124, 71, ]
