solved:	true
solution_length:	73
upper_bound:	73
solution_runtime:	0.17852
heuristic_solution_length:	73
heuristic_solution_runtime:	0.0312782
heuristic_runtime:	0.157904
solving_forward:	false
reduction_is_complete:	true
reduction_quality:	1
reduction_upper_bound:	73
reduction_runtime:	0.0206161
mdd_memory_consumption:	0
main_process_memory_consumption:	0
match_ilp_solution_length:	73
match_ilp_upper_bound:	73
match_ilp_runtime:	9.8e-08
mdd_ilp_solution_length:	73
mdd_ilp_upper_bound:	73
mdd_ilp_runtime:	4.1e-08
solution:	[191, 170, 71, 179, 129, 20, 65, 251, 91, 86, 244, 237, 243, 48, 190, 133, 116, 4, 240, 150, 74, 146, 154, 56, 94, 60, 253, 104, 204, 185, 107, 206, 245, 16, 84, 96, 230, 205, 228, 197, 23, 42, 174, 198, 66, 156, 3, 233, 78, 85, 101, 148, 161, 2, 166, 59, 227, 226, 54, 157, 229, 130, 22, 222, 7, 18, 14, 187, 25, 87, 53, 120, 57, ]
