solved:	true
solution_length:	57
upper_bound:	57
solution_runtime:	0.0263441
heuristic_solution_length:	57
heuristic_solution_runtime:	0.0129279
heuristic_runtime:	0.0258135
solving_forward:	true
reduction_is_complete:	true
reduction_quality:	1
reduction_upper_bound:	57
reduction_runtime:	0.000530582
mdd_memory_consumption:	0
main_process_memory_consumption:	0
match_ilp_solution_length:	57
match_ilp_upper_bound:	57
match_ilp_runtime:	1.09e-07
mdd_ilp_solution_length:	57
mdd_ilp_upper_bound:	57
mdd_ilp_runtime:	4.9e-08
solution:	[189, 224, 122, 104, 80, 237, 16, 158, 66, 55, 167, 149, 6, 153, 137, 85, 106, 29, 96, 113, 62, 77, 238, 110, 109, 97, 24, 41, 22, 136, 164, 206, 220, 1, 140, 204, 126, 74, 177, 43, 138, 226, 95, 121, 17, 148, 8, 191, 38, 48, 60, 78, 219, 120, 239, 7, 144, ]
