solved:	true
solution_length:	100
upper_bound:	100
solution_runtime:	1.99286
heuristic_solution_length:	100
heuristic_solution_runtime:	0.0598111
heuristic_runtime:	1.19733
solving_forward:	false
reduction_is_complete:	true
reduction_quality:	1
reduction_upper_bound:	100
reduction_runtime:	0.795531
mdd_memory_consumption:	80076
main_process_memory_consumption:	0
match_ilp_solution_length:	100
match_ilp_upper_bound:	100
match_ilp_runtime:	1.54e-07
mdd_ilp_solution_length:	100
mdd_ilp_upper_bound:	100
mdd_ilp_runtime:	5.4e-08
solution:	[112, 134, 120, 29, 175, 220, 227, 59, 182, 44, 68, 118, 24, 161, 216, 209, 13, 11, 2, 9, 193, 195, 251, 113, 162, 211, 86, 20, 188, 70, 65, 148, 223, 35, 74, 205, 114, 34, 105, 47, 245, 130, 96, 194, 203, 21, 219, 36, 155, 80, 136, 249, 63, 237, 69, 253, 73, 43, 208, 204, 142, 107, 124, 238, 167, 186, 78, 163, 57, 28, 27, 165, 119, 179, 46, 132, 116, 18, 82, 135, 58, 39, 1, 202, 232, 197, 247, 83, 128, 239, 181, 32, 84, 19, 185, 8, 127, 178, 189, 133, ]
