solved:	true
solution_length:	100
upper_bound:	100
solution_runtime:	3.37061
heuristic_solution_length:	100
heuristic_solution_runtime:	0.07622
heuristic_runtime:	1.46574
solving_forward:	false
reduction_is_complete:	true
reduction_quality:	1
reduction_upper_bound:	100
reduction_runtime:	1.90486
mdd_memory_consumption:	93392
main_process_memory_consumption:	0
match_ilp_solution_length:	100
match_ilp_upper_bound:	100
match_ilp_runtime:	2.65e-07
mdd_ilp_solution_length:	100
mdd_ilp_upper_bound:	100
mdd_ilp_runtime:	5.9e-08
solution:	[130, 27, 145, 35, 44, 98, 192, 151, 25, 243, 209, 60, 19, 55, 166, 116, 155, 146, 52, 90, 202, 76, 13, 233, 84, 195, 158, 79, 70, 114, 161, 101, 47, 91, 212, 176, 102, 66, 143, 174, 188, 50, 206, 239, 198, 197, 224, 92, 215, 211, 40, 219, 191, 46, 103, 118, 134, 82, 142, 30, 164, 78, 59, 214, 125, 218, 117, 111, 126, 141, 88, 49, 75, 100, 65, 238, 41, 171, 1, 69, 205, 226, 200, 122, 228, 183, 128, 152, 57, 71, 86, 201, 181, 225, 156, 178, 213, 62, 5, 106, ]
