solved:	true
solution_length:	85
upper_bound:	85
solution_runtime:	0.172988
heuristic_solution_length:	85
heuristic_solution_runtime:	0.0333845
heuristic_runtime:	0.157643
solving_forward:	false
reduction_is_complete:	true
reduction_quality:	1
reduction_upper_bound:	85
reduction_runtime:	0.0153447
mdd_memory_consumption:	0
main_process_memory_consumption:	0
match_ilp_solution_length:	85
match_ilp_upper_bound:	85
match_ilp_runtime:	9.9e-08
mdd_ilp_solution_length:	85
mdd_ilp_upper_bound:	85
mdd_ilp_runtime:	4.1e-08
solution:	[137, 72, 100, 37, 112, 133, 214, 81, 59, 12, 232, 83, 122, 217, 163, 14, 21, 22, 132, 225, 89, 253, 17, 167, 70, 119, 19, 126, 97, 116, 188, 13, 76, 121, 177, 27, 250, 35, 61, 105, 46, 199, 192, 23, 68, 252, 165, 202, 190, 219, 42, 82, 151, 4, 33, 145, 51, 206, 242, 5, 98, 138, 175, 99, 224, 32, 164, 233, 114, 150, 77, 142, 96, 91, 58, 79, 139, 31, 174, 52, 243, 245, 222, 218, 209, ]
