solved:	true
solution_length:	47
upper_bound:	47
solution_runtime:	0.0280617
heuristic_solution_length:	47
heuristic_solution_runtime:	0.0127256
heuristic_runtime:	0.0272146
solving_forward:	true
reduction_is_complete:	true
reduction_quality:	1
reduction_upper_bound:	47
reduction_runtime:	0.000847045
mdd_memory_consumption:	0
main_process_memory_consumption:	0
match_ilp_solution_length:	47
match_ilp_upper_bound:	47
match_ilp_runtime:	1.08e-07
mdd_ilp_solution_length:	47
mdd_ilp_upper_bound:	47
mdd_ilp_runtime:	4.9e-08
solution:	[38, 174, 40, 204, 255, 124, 248, 225, 224, 59, 81, 123, 25, 211, 46, 23, 197, 79, 60, 154, 16, 15, 218, 75, 108, 8, 22, 166, 230, 90, 116, 250, 0, 127, 117, 68, 70, 235, 173, 141, 12, 246, 195, 78, 29, 73, 44, ]
