solved:	true
solution_length:	55
upper_bound:	55
solution_runtime:	0.0324848
heuristic_solution_length:	55
heuristic_solution_runtime:	0.013013
heuristic_runtime:	0.0314688
solving_forward:	true
reduction_is_complete:	true
reduction_quality:	1
reduction_upper_bound:	55
reduction_runtime:	0.00101589
mdd_memory_consumption:	0
main_process_memory_consumption:	0
match_ilp_solution_length:	55
match_ilp_upper_bound:	55
match_ilp_runtime:	1.04e-07
mdd_ilp_solution_length:	55
mdd_ilp_upper_bound:	55
mdd_ilp_runtime:	4.5e-08
solution:	[116, 83, 153, 25, 229, 44, 50, 105, 56, 230, 165, 38, 96, 115, 117, 246, 34, 87, 218, 175, 74, 98, 84, 208, 178, 250, 145, 49, 159, 102, 185, 190, 196, 40, 227, 70, 149, 42, 26, 11, 174, 118, 199, 201, 111, 160, 72, 176, 66, 151, 67, 194, 45, 77, 78, ]
