solved:	true
solution_length:	62
upper_bound:	62
solution_runtime:	0.0360616
heuristic_solution_length:	62
heuristic_solution_runtime:	0.0133684
heuristic_runtime:	0.0344361
solving_forward:	true
reduction_is_complete:	true
reduction_quality:	1
reduction_upper_bound:	62
reduction_runtime:	0.00162539
mdd_memory_consumption:	0
main_process_memory_consumption:	0
match_ilp_solution_length:	62
match_ilp_upper_bound:	62
match_ilp_runtime:	9.9e-08
mdd_ilp_solution_length:	62
mdd_ilp_upper_bound:	62
mdd_ilp_runtime:	4.4e-08
solution:	[152, 117, 247, 123, 164, 171, 88, 101, 235, 35, 33, 196, 99, 50, 202, 155, 225, 65, 246, 42, 133, 51, 52, 121, 108, 186, 229, 95, 64, 211, 29, 183, 74, 37, 138, 197, 40, 144, 25, 233, 46, 128, 57, 210, 90, 241, 19, 250, 110, 116, 109, 131, 185, 145, 179, 107, 14, 0, 190, 5, 214, 55, ]
