solved:	true
solution_length:	80
upper_bound:	80
solution_runtime:	0.364098
heuristic_solution_length:	80
heuristic_solution_runtime:	0.039761
heuristic_runtime:	0.2748
solving_forward:	true
reduction_is_complete:	true
reduction_quality:	1
reduction_upper_bound:	80
reduction_runtime:	0.089298
mdd_memory_consumption:	63368
main_process_memory_consumption:	0
match_ilp_solution_length:	80
match_ilp_upper_bound:	80
match_ilp_runtime:	2.3e-07
mdd_ilp_solution_length:	80
mdd_ilp_upper_bound:	80
mdd_ilp_runtime:	7.5e-08
solution:	[206, 236, 25, 174, 23, 226, 73, 47, 222, 30, 71, 48, 244, 57, 126, 29, 231, 117, 136, 240, 254, 251, 195, 233, 1, 239, 145, 17, 22, 224, 234, 115, 33, 180, 219, 102, 198, 156, 109, 56, 45, 190, 112, 175, 220, 13, 36, 218, 69, 208, 199, 200, 217, 144, 106, 204, 111, 81, 253, 205, 90, 247, 164, 141, 246, 225, 76, 203, 209, 196, 63, 147, 52, 129, 20, 97, 84, 53, 88, 186, ]
