solved:	true
solution_length:	59
upper_bound:	59
solution_runtime:	0.0341023
heuristic_solution_length:	59
heuristic_solution_runtime:	0.0134153
heuristic_runtime:	0.0329357
solving_forward:	true
reduction_is_complete:	true
reduction_quality:	1
reduction_upper_bound:	59
reduction_runtime:	0.0011665
mdd_memory_consumption:	0
main_process_memory_consumption:	0
match_ilp_solution_length:	59
match_ilp_upper_bound:	59
match_ilp_runtime:	1.03e-07
mdd_ilp_solution_length:	59
mdd_ilp_upper_bound:	59
mdd_ilp_runtime:	4.6e-08
solution:	[123, 36, 32, 102, 31, 235, 118, 161, 122, 79, 94, 19, 253, 232, 219, 148, 180, 245, 119, 246, 208, 188, 82, 145, 141, 4, 72, 237, 247, 53, 12, 88, 147, 184, 80, 173, 23, 51, 22, 78, 104, 240, 234, 196, 129, 40, 45, 61, 169, 135, 81, 111, 25, 199, 55, 41, 194, 223, 225, ]
