solved:	true
solution_length:	93
upper_bound:	93
solution_runtime:	0.93863
heuristic_solution_length:	93
heuristic_solution_runtime:	0.0506801
heuristic_runtime:	0.546119
solving_forward:	false
reduction_is_complete:	true
reduction_quality:	1
reduction_upper_bound:	93
reduction_runtime:	0.392511
mdd_memory_consumption:	70116
main_process_memory_consumption:	0
match_ilp_solution_length:	93
match_ilp_upper_bound:	93
match_ilp_runtime:	9.6e-08
mdd_ilp_solution_length:	93
mdd_ilp_upper_bound:	93
mdd_ilp_runtime:	5.6e-08
solution:	[118, 220, 158, 193, 39, 230, 33, 95, 90, 82, 167, 20, 120, 119, 164, 76, 67, 100, 115, 22, 190, 246, 75, 74, 130, 29, 217, 15, 240, 233, 170, 139, 62, 174, 156, 146, 154, 213, 129, 121, 44, 173, 56, 49, 208, 47, 16, 1, 184, 189, 198, 117, 41, 176, 6, 179, 93, 204, 11, 84, 30, 80, 138, 185, 203, 27, 228, 242, 231, 43, 187, 221, 36, 14, 244, 2, 112, 168, 37, 96, 219, 94, 162, 116, 26, 142, 218, 177, 128, 131, 249, 63, 143, ]
