solved:	true
solution_length:	53
upper_bound:	53
solution_runtime:	0.0136623
heuristic_solution_length:	53
heuristic_solution_runtime:	0.0133702
heuristic_runtime:	0.0136393
solving_forward:	true
reduction_is_complete:	true
reduction_quality:	1
reduction_upper_bound:	53
reduction_runtime:	2.2861e-05
mdd_memory_consumption:	0
main_process_memory_consumption:	0
match_ilp_solution_length:	53
match_ilp_upper_bound:	53
match_ilp_runtime:	1.3e-07
mdd_ilp_solution_length:	53
mdd_ilp_upper_bound:	53
mdd_ilp_runtime:	5.5e-08
solution:	[132, 33, 30, 216, 56, 66, 47, 137, 69, 74, 240, 113, 187, 155, 10, 115, 244, 157, 198, 213, 76, 237, 184, 128, 230, 93, 200, 77, 85, 4, 49, 255, 227, 17, 193, 164, 60, 71, 2, 38, 225, 185, 78, 104, 180, 55, 58, 45, 92, 141, 120, 22, 27, ]
