solved:	true
solution_length:	53
upper_bound:	53
solution_runtime:	0.0133365
heuristic_solution_length:	53
heuristic_solution_runtime:	0.0130746
heuristic_runtime:	0.0133109
solving_forward:	true
reduction_is_complete:	true
reduction_quality:	1
reduction_upper_bound:	53
reduction_runtime:	2.547e-05
mdd_memory_consumption:	0
main_process_memory_consumption:	0
match_ilp_solution_length:	53
match_ilp_upper_bound:	53
match_ilp_runtime:	1.49e-07
mdd_ilp_solution_length:	53
mdd_ilp_upper_bound:	53
mdd_ilp_runtime:	5.6e-08
solution:	[210, 20, 196, 160, 233, 132, 0, 97, 179, 52, 11, 252, 165, 234, 82, 45, 110, 39, 72, 78, 67, 188, 42, 175, 76, 239, 157, 131, 228, 136, 191, 41, 121, 154, 102, 4, 215, 135, 94, 163, 155, 89, 79, 241, 101, 61, 250, 71, 231, 229, 199, 5, 105, ]
