solved:	true
solution_length:	54
upper_bound:	54
solution_runtime:	0.0276987
heuristic_solution_length:	54
heuristic_solution_runtime:	0.0136434
heuristic_runtime:	0.0269709
solving_forward:	true
reduction_is_complete:	true
reduction_quality:	1
reduction_upper_bound:	54
reduction_runtime:	0.000727719
mdd_memory_consumption:	0
main_process_memory_consumption:	0
match_ilp_solution_length:	54
match_ilp_upper_bound:	54
match_ilp_runtime:	1.09e-07
mdd_ilp_solution_length:	54
mdd_ilp_upper_bound:	54
mdd_ilp_runtime:	4.8e-08
solution:	[146, 55, 49, 22, 196, 118, 201, 252, 68, 28, 106, 56, 238, 127, 221, 220, 14, 131, 206, 85, 193, 243, 233, 16, 44, 92, 23, 36, 136, 189, 175, 117, 168, 194, 110, 120, 86, 152, 37, 170, 217, 82, 248, 183, 177, 58, 237, 13, 5, 142, 88, 108, 149, 101, ]
