solved:	true
solution_length:	57
upper_bound:	57
solution_runtime:	0.0323276
heuristic_solution_length:	57
heuristic_solution_runtime:	0.0126914
heuristic_runtime:	0.0311451
solving_forward:	true
reduction_is_complete:	true
reduction_quality:	1
reduction_upper_bound:	57
reduction_runtime:	0.0011824
mdd_memory_consumption:	0
main_process_memory_consumption:	0
match_ilp_solution_length:	57
match_ilp_upper_bound:	57
match_ilp_runtime:	1.03e-07
mdd_ilp_solution_length:	57
mdd_ilp_upper_bound:	57
mdd_ilp_runtime:	4.6e-08
solution:	[15, 192, 173, 239, 231, 83, 195, 247, 125, 119, 79, 117, 56, 221, 168, 105, 163, 148, 102, 157, 114, 210, 203, 45, 26, 5, 178, 96, 241, 184, 77, 200, 19, 225, 171, 250, 154, 191, 199, 115, 21, 177, 55, 212, 134, 132, 31, 78, 80, 140, 16, 7, 127, 50, 170, 244, 227, ]
