solved:	true
solution_length:	64
upper_bound:	64
solution_runtime:	0.0346678
heuristic_solution_length:	64
heuristic_solution_runtime:	0.0148868
heuristic_runtime:	0.0334082
solving_forward:	true
reduction_is_complete:	true
reduction_quality:	1
reduction_upper_bound:	64
reduction_runtime:	0.00125947
mdd_memory_consumption:	0
main_process_memory_consumption:	0
match_ilp_solution_length:	64
match_ilp_upper_bound:	64
match_ilp_runtime:	1.03e-07
mdd_ilp_solution_length:	64
mdd_ilp_upper_bound:	64
mdd_ilp_runtime:	5.3e-08
solution:	[219, 126, 195, 135, 55, 223, 2, 220, 47, 58, 151, 111, 122, 92, 14, 242, 76, 61, 71, 213, 169, 21, 176, 140, 48, 59, 147, 123, 218, 102, 9, 35, 175, 131, 182, 132, 36, 57, 186, 94, 154, 15, 113, 66, 52, 6, 115, 254, 252, 243, 62, 138, 236, 208, 165, 166, 227, 39, 200, 158, 221, 12, 28, 124, ]
