solved:	true
solution_length:	69
upper_bound:	69
solution_runtime:	0.0501363
heuristic_solution_length:	69
heuristic_solution_runtime:	0.0237298
heuristic_runtime:	0.0491165
solving_forward:	true
reduction_is_complete:	true
reduction_quality:	1
reduction_upper_bound:	69
reduction_runtime:	0.00101968
mdd_memory_consumption:	0
main_process_memory_consumption:	0
match_ilp_solution_length:	69
match_ilp_upper_bound:	69
match_ilp_runtime:	9.2e-08
mdd_ilp_solution_length:	69
mdd_ilp_upper_bound:	69
mdd_ilp_runtime:	4.1e-08
solution:	[53, 4, 230, 163, 253, 23, 133, 116, 105, 179, 107, 67, 31, 167, 185, 246, 81, 217, 113, 61, 152, 117, 8, 169, 1, 223, 2, 96, 64, 239, 97, 187, 183, 143, 157, 212, 191, 251, 54, 215, 119, 0, 100, 121, 30, 255, 233, 79, 218, 87, 93, 135, 14, 13, 229, 249, 18, 192, 208, 24, 37, 44, 141, 103, 94, 175, 9, 199, 168, ]
