solved:	true
solution_length:	51
upper_bound:	51
solution_runtime:	0.0131847
heuristic_solution_length:	51
heuristic_solution_runtime:	0.0128072
heuristic_runtime:	0.0131601
solving_forward:	true
reduction_is_complete:	true
reduction_quality:	1
reduction_upper_bound:	51
reduction_runtime:	2.4461e-05
mdd_memory_consumption:	0
main_process_memory_consumption:	0
match_ilp_solution_length:	51
match_ilp_upper_bound:	51
match_ilp_runtime:	1.32e-07
mdd_ilp_solution_length:	51
mdd_ilp_upper_bound:	51
mdd_ilp_runtime:	5.7e-08
solution:	[17, 103, 178, 154, 159, 74, 166, 116, 216, 28, 144, 133, 38, 13, 152, 202, 171, 181, 244, 163, 88, 11, 129, 54, 68, 76, 208, 87, 150, 189, 66, 242, 77, 5, 67, 61, 185, 132, 8, 85, 233, 205, 183, 27, 18, 245, 4, 16, 94, 222, 218, ]
