solved:	true
solution_length:	67
upper_bound:	67
solution_runtime:	0.0820139
heuristic_solution_length:	67
heuristic_solution_runtime:	0.0243633
heuristic_runtime:	0.0775563
solving_forward:	true
reduction_is_complete:	true
reduction_quality:	1
reduction_upper_bound:	67
reduction_runtime:	0.00445752
mdd_memory_consumption:	0
main_process_memory_consumption:	0
match_ilp_solution_length:	67
match_ilp_upper_bound:	67
match_ilp_runtime:	9.8e-08
mdd_ilp_solution_length:	67
mdd_ilp_upper_bound:	67
mdd_ilp_runtime:	4.1e-08
solution:	[81, 0, 114, 77, 87, 206, 105, 192, 143, 46, 52, 181, 22, 176, 112, 51, 169, 79, 93, 171, 15, 57, 11, 238, 74, 130, 58, 210, 222, 117, 10, 80, 140, 132, 111, 131, 13, 219, 95, 5, 209, 110, 37, 113, 2, 122, 223, 228, 160, 138, 162, 237, 69, 243, 254, 239, 16, 154, 193, 20, 25, 92, 145, 211, 53, 187, 39, ]
