solved:	true
solution_length:	102
upper_bound:	102
solution_runtime:	5.57174
heuristic_solution_length:	102
heuristic_solution_runtime:	0.084321
heuristic_runtime:	2.03688
solving_forward:	false
reduction_is_complete:	true
reduction_quality:	1
reduction_upper_bound:	102
reduction_runtime:	3.53486
mdd_memory_consumption:	136688
main_process_memory_consumption:	0
match_ilp_solution_length:	102
match_ilp_upper_bound:	102
match_ilp_runtime:	1.61e-07
mdd_ilp_solution_length:	102
mdd_ilp_upper_bound:	102
mdd_ilp_runtime:	6.2e-08
solution:	[78, 13, 205, 55, 227, 244, 201, 88, 175, 43, 15, 77, 243, 2, 67, 229, 84, 92, 58, 231, 255, 108, 104, 173, 76, 20, 232, 160, 42, 117, 120, 144, 169, 186, 30, 246, 146, 114, 66, 51, 111, 168, 131, 89, 74, 223, 90, 170, 157, 59, 178, 174, 22, 182, 187, 5, 242, 213, 103, 80, 16, 149, 171, 236, 73, 212, 63, 47, 210, 98, 0, 25, 4, 219, 140, 8, 64, 86, 35, 190, 193, 218, 189, 220, 180, 39, 247, 110, 121, 10, 34, 154, 207, 1, 94, 9, 26, 107, 100, 224, 184, 62, ]
