solved:	true
solution_length:	82
upper_bound:	82
solution_runtime:	0.565187
heuristic_solution_length:	82
heuristic_solution_runtime:	0.0306988
heuristic_runtime:	0.42719
solving_forward:	true
reduction_is_complete:	true
reduction_quality:	1
reduction_upper_bound:	82
reduction_runtime:	0.137997
mdd_memory_consumption:	63236
main_process_memory_consumption:	0
match_ilp_solution_length:	82
match_ilp_upper_bound:	82
match_ilp_runtime:	1.06e-07
mdd_ilp_solution_length:	82
mdd_ilp_upper_bound:	82
mdd_ilp_runtime:	6.4e-08
solution:	[158, 237, 16, 227, 23, 243, 73, 108, 17, 72, 148, 123, 32, 161, 181, 249, 130, 192, 104, 21, 106, 191, 253, 164, 220, 34, 15, 189, 66, 147, 85, 238, 120, 78, 170, 142, 75, 141, 200, 7, 28, 152, 70, 165, 214, 252, 90, 55, 84, 159, 121, 65, 0, 51, 180, 173, 92, 231, 96, 235, 105, 240, 29, 13, 217, 210, 232, 248, 218, 128, 77, 187, 131, 113, 166, 67, 175, 93, 251, 30, 205, 246, ]
