solved:	true
solution_length:	82
upper_bound:	82
solution_runtime:	0.0423967
heuristic_solution_length:	82
heuristic_solution_runtime:	0.0416796
heuristic_runtime:	0.0423702
solving_forward:	true
reduction_is_complete:	true
reduction_quality:	1
reduction_upper_bound:	82
reduction_runtime:	2.6385e-05
mdd_memory_consumption:	0
main_process_memory_consumption:	0
match_ilp_solution_length:	82
match_ilp_upper_bound:	82
match_ilp_runtime:	1.02e-07
mdd_ilp_solution_length:	82
mdd_ilp_upper_bound:	82
mdd_ilp_runtime:	4.2e-08
solution:	[212, 163, 325, 273, 321, 174, 307, 145, 23, 71, 385, 283, 64, 106, 282, 371, 289, 217, 40, 131, 188, 497, 95, 122, 454, 418, 352, 18, 339, 35, 456, 148, 211, 226, 471, 265, 444, 392, 187, 220, 204, 310, 93, 499, 214, 405, 232, 228, 284, 458, 231, 359, 396, 406, 341, 342, 227, 367, 468, 169, 183, 271, 76, 494, 460, 213, 393, 154, 338, 249, 389, 141, 72, 181, 476, 467, 278, 474, 152, 91, 357, 422, ]
