solved:	true
solution_length:	84
upper_bound:	84
solution_runtime:	0.0427379
heuristic_solution_length:	84
heuristic_solution_runtime:	0.0420091
heuristic_runtime:	0.0427116
solving_forward:	true
reduction_is_complete:	true
reduction_quality:	1
reduction_upper_bound:	84
reduction_runtime:	2.6144e-05
mdd_memory_consumption:	0
main_process_memory_consumption:	0
match_ilp_solution_length:	84
match_ilp_upper_bound:	84
match_ilp_runtime:	9.5e-08
mdd_ilp_solution_length:	84
mdd_ilp_upper_bound:	84
mdd_ilp_runtime:	4.2e-08
solution:	[128, 120, 200, 412, 127, 469, 356, 265, 460, 239, 379, 119, 259, 266, 254, 405, 395, 150, 182, 170, 59, 447, 217, 108, 107, 236, 349, 101, 51, 383, 366, 422, 253, 347, 450, 338, 304, 196, 493, 4, 219, 41, 56, 181, 358, 495, 146, 26, 449, 445, 232, 201, 477, 408, 339, 417, 125, 198, 468, 22, 23, 484, 97, 400, 314, 139, 367, 221, 285, 414, 81, 69, 500, 8, 36, 64, 256, 289, 287, 131, 279, 177, 472, 213, ]
