solved:	true
solution_length:	98
upper_bound:	98
solution_runtime:	0.323851
heuristic_solution_length:	98
heuristic_solution_runtime:	0.0645494
heuristic_runtime:	0.302221
solving_forward:	false
reduction_is_complete:	true
reduction_quality:	1
reduction_upper_bound:	98
reduction_runtime:	0.0216304
mdd_memory_consumption:	0
main_process_memory_consumption:	0
match_ilp_solution_length:	98
match_ilp_upper_bound:	98
match_ilp_runtime:	9.7e-08
mdd_ilp_solution_length:	98
mdd_ilp_upper_bound:	98
mdd_ilp_runtime:	4.1e-08
solution:	[457, 252, 24, 257, 61, 195, 29, 169, 114, 361, 97, 159, 338, 50, 510, 240, 471, 261, 499, 190, 262, 176, 247, 100, 324, 49, 422, 89, 323, 113, 28, 284, 141, 451, 431, 404, 63, 419, 70, 69, 287, 213, 378, 390, 461, 94, 86, 364, 358, 249, 152, 173, 295, 115, 303, 475, 347, 491, 96, 185, 363, 465, 408, 509, 305, 288, 20, 125, 507, 387, 220, 40, 456, 128, 500, 72, 39, 479, 414, 481, 45, 87, 311, 325, 275, 434, 18, 243, 58, 389, 52, 260, 269, 346, 297, 396, 447, 365, ]
