solved:	true
solution_length:	84
upper_bound:	84
solution_runtime:	0.0803285
heuristic_solution_length:	84
heuristic_solution_runtime:	0.0421304
heuristic_runtime:	0.0790833
solving_forward:	true
reduction_is_complete:	true
reduction_quality:	1
reduction_upper_bound:	84
reduction_runtime:	0.00124506
mdd_memory_consumption:	0
main_process_memory_consumption:	0
match_ilp_solution_length:	84
match_ilp_upper_bound:	84
match_ilp_runtime:	1.32e-07
mdd_ilp_solution_length:	84
mdd_ilp_upper_bound:	84
mdd_ilp_runtime:	3.7e-08
solution:	[357, 122, 282, 215, 366, 504, 54, 477, 428, 18, 190, 484, 220, 51, 403, 86, 67, 335, 176, 188, 219, 368, 248, 126, 81, 228, 295, 432, 210, 256, 105, 429, 223, 114, 510, 404, 278, 306, 128, 161, 350, 447, 154, 85, 75, 101, 509, 80, 260, 292, 406, 239, 358, 91, 221, 277, 507, 76, 467, 157, 115, 83, 254, 451, 35, 169, 98, 267, 229, 431, 371, 411, 433, 492, 470, 410, 508, 455, 97, 436, 421, 108, 276, 413, ]
