solved:	true
solution_length:	83
upper_bound:	83
solution_runtime:	0.0472978
heuristic_solution_length:	83
heuristic_solution_runtime:	0.0463404
heuristic_runtime:	0.047263
solving_forward:	true
reduction_is_complete:	true
reduction_quality:	1
reduction_upper_bound:	83
reduction_runtime:	3.4663e-05
mdd_memory_consumption:	0
main_process_memory_consumption:	0
match_ilp_solution_length:	83
match_ilp_upper_bound:	83
match_ilp_runtime:	1.27e-07
mdd_ilp_solution_length:	83
mdd_ilp_upper_bound:	83
mdd_ilp_runtime:	5.5e-08
solution:	[236, 291, 204, 306, 153, 350, 188, 178, 24, 235, 341, 244, 466, 215, 442, 122, 148, 109, 269, 206, 332, 231, 364, 95, 246, 378, 376, 60, 278, 86, 432, 239, 166, 50, 39, 328, 136, 477, 439, 44, 103, 49, 104, 398, 438, 144, 98, 475, 366, 315, 224, 467, 433, 197, 478, 501, 112, 93, 213, 25, 267, 31, 312, 415, 407, 75, 159, 97, 207, 189, 491, 177, 458, 480, 52, 238, 344, 55, 388, 150, 12, 428, 247, ]
