solved:	true
solution_length:	77
upper_bound:	77
solution_runtime:	0.0844044
heuristic_solution_length:	77
heuristic_solution_runtime:	0.0412052
heuristic_runtime:	0.0830904
solving_forward:	true
reduction_is_complete:	true
reduction_quality:	1
reduction_upper_bound:	77
reduction_runtime:	0.00131384
mdd_memory_consumption:	0
main_process_memory_consumption:	0
match_ilp_solution_length:	77
match_ilp_upper_bound:	77
match_ilp_runtime:	1.58e-07
mdd_ilp_solution_length:	77
mdd_ilp_upper_bound:	77
mdd_ilp_runtime:	5.3e-08
solution:	[198, 64, 218, 287, 295, 151, 178, 93, 330, 82, 401, 58, 302, 249, 147, 313, 315, 450, 182, 160, 99, 4, 414, 326, 296, 171, 37, 26, 421, 306, 59, 139, 48, 262, 399, 448, 199, 494, 434, 244, 352, 213, 210, 285, 406, 137, 146, 32, 273, 509, 506, 231, 458, 71, 84, 471, 486, 30, 223, 265, 237, 312, 204, 166, 18, 474, 435, 357, 339, 116, 284, 444, 346, 489, 383, 343, 397, ]
