solved:	true
solution_length:	83
upper_bound:	83
solution_runtime:	0.0798341
heuristic_solution_length:	83
heuristic_solution_runtime:	0.0431065
heuristic_runtime:	0.0789967
solving_forward:	true
reduction_is_complete:	true
reduction_quality:	1
reduction_upper_bound:	83
reduction_runtime:	0.000837397
mdd_memory_consumption:	0
main_process_memory_consumption:	0
match_ilp_solution_length:	83
match_ilp_upper_bound:	83
match_ilp_runtime:	9.6e-08
mdd_ilp_solution_length:	83
mdd_ilp_upper_bound:	83
mdd_ilp_runtime:	4.1e-08
solution:	[234, 131, 503, 407, 295, 166, 362, 15, 429, 157, 466, 13, 61, 481, 491, 445, 103, 200, 88, 25, 67, 317, 231, 285, 177, 380, 272, 255, 320, 46, 485, 507, 30, 369, 300, 372, 256, 110, 1, 352, 132, 373, 471, 172, 489, 175, 150, 145, 41, 297, 0, 192, 73, 148, 123, 290, 245, 305, 167, 379, 453, 339, 441, 143, 151, 351, 10, 439, 430, 277, 70, 499, 63, 190, 102, 213, 280, 270, 193, 502, 367, 357, 9, ]
