solved:	true
solution_length:	81
upper_bound:	81
solution_runtime:	0.0775455
heuristic_solution_length:	81
heuristic_solution_runtime:	0.041036
heuristic_runtime:	0.0766072
solving_forward:	true
reduction_is_complete:	true
reduction_quality:	1
reduction_upper_bound:	81
reduction_runtime:	0.000938221
mdd_memory_consumption:	0
main_process_memory_consumption:	0
match_ilp_solution_length:	81
match_ilp_upper_bound:	81
match_ilp_runtime:	1.06e-07
mdd_ilp_solution_length:	81
mdd_ilp_upper_bound:	81
mdd_ilp_runtime:	4.4e-08
solution:	[150, 179, 442, 72, 163, 434, 12, 419, 77, 165, 307, 111, 294, 384, 254, 65, 296, 476, 134, 127, 473, 172, 238, 366, 489, 143, 121, 447, 216, 136, 33, 225, 397, 403, 50, 390, 398, 185, 392, 79, 291, 92, 193, 39, 13, 35, 418, 191, 479, 80, 388, 483, 22, 132, 124, 87, 27, 368, 99, 6, 374, 425, 330, 411, 256, 17, 424, 60, 490, 263, 230, 500, 31, 248, 503, 355, 347, 342, 272, 467, 383, ]
